layer,dataset,method,storage_mode,phase,run_id,repeat_id,workers,config_id,search_param,search_width,ablation,cache_mode,beam_width,recall,qps,latency_mean_us,latency_p50_us,latency_p95_us,latency_p99_us,fixed_candidate_recall_at_10,mean_relative_error,p95_relative_error,pairwise_flip_rate,index_size_mb,resident_bytes,cache_bytes,cache_nodes,peak_rss_bytes,io_requests_per_query,sectors_4k_per_query,bytes_read_per_query,io_wait_us,distance_compute_us,query_prep_us,queue_compute_us,rerank_us,visited_nodes,distance_evaluations,db1_checks,db1_survivors,full4_candidates,full4_page_reads,rerank_candidates,rerank_page_reads,query_count,source_suite,source_kernel,implementation_fingerprint,native_binary_sha256,input_manifest_sha256,source_index_manifest_sha256,query_split_sha256,query_order_sha256,query_order_seed,shared_graph_sha256,source_graph_sha256,graph_role,direct_io,native_aio,page_size,formal_ready,artifact_path
05a,agnews,PQ_4bit,resident,test,formal_diskenv_20260826_043617_05a,0,1,fixed_candidates_k10,rerank_candidates=10,10,,c0,1,1,21132.6728007,47.143201,47.304,50.392,52.749,1,0.0282627549292,0.0382487310805,0.0478666666667,375.738304138,393924608,,,448667648,0,0,0,0,45.889224,0,1.154082,0,0,10,,,,,,,1000,01_quantizer_fair,faiss::ProductQuantizer,05a-faiss-pq4-native-odirect-v1,ac6281f3c74243614c2779b5025d952cb0d4d247b55bb979846258d6ebf03e19,63ef625c7a9713ee555564f5ba3a211b10897e87616d3f7507d196bc6e386244,3040849c2ac0d828417e43810522bb8db5dc5c558f4f0dee7df50eb3cd256cdd,a0419a01095031fbe4ec00f92f55dfb6a54109fa4ea96d66ca36790e466c2c58,b92fae6ca12d310618d7bb738af1a11fcfe1af1d0a8fa843af640e89d0ab3a51,20260813,,,,False,False,4096,True,/home/msy2025/quantization_graph/results/disk_environment/.formal_runs/runs/formal_diskenv_20260826_043617_05a/05A_disk_quantizer_io/agnews/artifacts/test/PQ_4bit__resident__B2__c0__w1__r0.json
05a,agnews,PQ_4bit,resident,test,formal_diskenv_20260826_043617_05a,0,1,fixed_candidates_k11,rerank_candidates=11,11,,c0,1,0.9717,19379.9553819,51.446455,51.756,54.752,56.191,0.9717,0.026462508849,0.0354019168642,0.0472181818182,375.738304138,393924608,,,448667648,0,0,0,0,50.37115,0,0.973804,0,0,11,,,,,,,1000,01_quantizer_fair,faiss::ProductQuantizer,05a-faiss-pq4-native-odirect-v1,ac6281f3c74243614c2779b5025d952cb0d4d247b55bb979846258d6ebf03e19,63ef625c7a9713ee555564f5ba3a211b10897e87616d3f7507d196bc6e386244,3040849c2ac0d828417e43810522bb8db5dc5c558f4f0dee7df50eb3cd256cdd,a0419a01095031fbe4ec00f92f55dfb6a54109fa4ea96d66ca36790e466c2c58,b92fae6ca12d310618d7bb738af1a11fcfe1af1d0a8fa843af640e89d0ab3a51,20260813,,,,False,False,4096,True,/home/msy2025/quantization_graph/results/disk_environment/.formal_runs/runs/formal_diskenv_20260826_043617_05a/05A_disk_quantizer_io/agnews/artifacts/test/PQ_4bit__resident__B2__c0__w1__r0.json
05a,agnews,PQ_4bit,resident,test,formal_diskenv_20260826_043617_05a,0,1,fixed_candidates_k12,rerank_candidates=12,12,,c0,1,0.9635,18037.1422637,55.284121,54.903,58.583,60.755,0.9635,0.0249494457184,0.0331401235817,0.047196969697,375.738304138,393924608,,,448667648,0,0,0,0,54.457157,0,0.711001,0,0,12,,,,,,,1000,01_quantizer_fair,faiss::ProductQuantizer,05a-faiss-pq4-native-odirect-v1,ac6281f3c74243614c2779b5025d952cb0d4d247b55bb979846258d6ebf03e19,63ef625c7a9713ee555564f5ba3a211b10897e87616d3f7507d196bc6e386244,3040849c2ac0d828417e43810522bb8db5dc5c558f4f0dee7df50eb3cd256cdd,a0419a01095031fbe4ec00f92f55dfb6a54109fa4ea96d66ca36790e466c2c58,b92fae6ca12d310618d7bb738af1a11fcfe1af1d0a8fa843af640e89d0ab3a51,20260813,,,,False,False,4096,True,/home/msy2025/quantization_graph/results/disk_environment/.formal_runs/runs/formal_diskenv_20260826_043617_05a/05A_disk_quantizer_io/agnews/artifacts/test/PQ_4bit__resident__B2__c0__w1__r0.json
05a,agnews,PQ_4bit,resident,test,formal_diskenv_20260826_043617_05a,0,1,fixed_candidates_k13,rerank_candidates=13,13,,c0,1,0.9588,16548.4571758,60.274273,60.714,63.855,65.593,0.9588,0.0236513292626,0.0313019494449,0.0479487179487,375.738304138,393924608,,,448667648,0,0,0,0,59.430387,0,0.74292,0,0,13,,,,,,,1000,01_quantizer_fair,faiss::ProductQuantizer,05a-faiss-pq4-native-odirect-v1,ac6281f3c74243614c2779b5025d952cb0d4d247b55bb979846258d6ebf03e19,63ef625c7a9713ee555564f5ba3a211b10897e87616d3f7507d196bc6e386244,3040849c2ac0d828417e43810522bb8db5dc5c558f4f0dee7df50eb3cd256cdd,a0419a01095031fbe4ec00f92f55dfb6a54109fa4ea96d66ca36790e466c2c58,b92fae6ca12d310618d7bb738af1a11fcfe1af1d0a8fa843af640e89d0ab3a51,20260813,,,,False,False,4096,True,/home/msy2025/quantization_graph/results/disk_environment/.formal_runs/runs/formal_diskenv_20260826_043617_05a/05A_disk_quantizer_io/agnews/artifacts/test/PQ_4bit__resident__B2__c0__w1__r0.json
05a,agnews,PQ_4bit,resident,test,formal_diskenv_20260826_043617_05a,0,1,fixed_candidates_k14,rerank_candidates=14,14,,c0,1,0.9576,15367.5068574,64.910309,65.414,68.521,70.565,0.9576,0.0225377919037,0.0300268272489,0.0481648351648,375.738304138,393924608,,,448667648,0,0,0,0,64.037759,0,0.762718,0,0,14,,,,,,,1000,01_quantizer_fair,faiss::ProductQuantizer,05a-faiss-pq4-native-odirect-v1,ac6281f3c74243614c2779b5025d952cb0d4d247b55bb979846258d6ebf03e19,63ef625c7a9713ee555564f5ba3a211b10897e87616d3f7507d196bc6e386244,3040849c2ac0d828417e43810522bb8db5dc5c558f4f0dee7df50eb3cd256cdd,a0419a01095031fbe4ec00f92f55dfb6a54109fa4ea96d66ca36790e466c2c58,b92fae6ca12d310618d7bb738af1a11fcfe1af1d0a8fa843af640e89d0ab3a51,20260813,,,,False,False,4096,True,/home/msy2025/quantization_graph/results/disk_environment/.formal_runs/runs/formal_diskenv_20260826_043617_05a/05A_disk_quantizer_io/agnews/artifacts/test/PQ_4bit__resident__B2__c0__w1__r0.json
05a,agnews,PQ_4bit,resident,test,formal_diskenv_20260826_043617_05a,0,1,fixed_candidates_k15,rerank_candidates=15,15,,c0,1,0.9566,14384.9604433,69.354828,70.013,72.97,75.699,0.9566,0.0215851678861,0.0290810693927,0.0489523809524,375.738304138,393924608,,,448667648,0,0,0,0,68.456624,0,0.793387,0,0,15,,,,,,,1000,01_quantizer_fair,faiss::ProductQuantizer,05a-faiss-pq4-native-odirect-v1,ac6281f3c74243614c2779b5025d952cb0d4d247b55bb979846258d6ebf03e19,63ef625c7a9713ee555564f5ba3a211b10897e87616d3f7507d196bc6e386244,3040849c2ac0d828417e43810522bb8db5dc5c558f4f0dee7df50eb3cd256cdd,a0419a01095031fbe4ec00f92f55dfb6a54109fa4ea96d66ca36790e466c2c58,b92fae6ca12d310618d7bb738af1a11fcfe1af1d0a8fa843af640e89d0ab3a51,20260813,,,,False,False,4096,True,/home/msy2025/quantization_graph/results/disk_environment/.formal_runs/runs/formal_diskenv_20260826_043617_05a/05A_disk_quantizer_io/agnews/artifacts/test/PQ_4bit__resident__B2__c0__w1__r0.json
05a,agnews,PQ_4bit,resident,test,formal_diskenv_20260826_043617_05a,0,1,fixed_candidates_k16,rerank_candidates=16,16,,c0,1,0.956,13517.3422094,73.818397,74.596,77.626,80.221,0.956,0.0207426050439,0.0281714600977,0.0489416666667,375.738304138,393924608,,,448667648,0,0,0,0,72.901176,0,0.810743,0,0,16,,,,,,,1000,01_quantizer_fair,faiss::ProductQuantizer,05a-faiss-pq4-native-odirect-v1,ac6281f3c74243614c2779b5025d952cb0d4d247b55bb979846258d6ebf03e19,63ef625c7a9713ee555564f5ba3a211b10897e87616d3f7507d196bc6e386244,3040849c2ac0d828417e43810522bb8db5dc5c558f4f0dee7df50eb3cd256cdd,a0419a01095031fbe4ec00f92f55dfb6a54109fa4ea96d66ca36790e466c2c58,b92fae6ca12d310618d7bb738af1a11fcfe1af1d0a8fa843af640e89d0ab3a51,20260813,,,,False,False,4096,True,/home/msy2025/quantization_graph/results/disk_environment/.formal_runs/runs/formal_diskenv_20260826_043617_05a/05A_disk_quantizer_io/agnews/artifacts/test/PQ_4bit__resident__B2__c0__w1__r0.json
05a,agnews,PQ_4bit,resident,test,formal_diskenv_20260826_043617_05a,0,1,fixed_candidates_k17,rerank_candidates=17,17,,c0,1,0.9559,12757.167921,78.226516,78.991,82.493,84.414,0.9559,0.0200083975195,0.0276272953451,0.0492132352941,375.738304138,393924608,,,448667648,0,0,0,0,77.259166,0,0.858832,0,0,17,,,,,,,1000,01_quantizer_fair,faiss::ProductQuantizer,05a-faiss-pq4-native-odirect-v1,ac6281f3c74243614c2779b5025d952cb0d4d247b55bb979846258d6ebf03e19,63ef625c7a9713ee555564f5ba3a211b10897e87616d3f7507d196bc6e386244,3040849c2ac0d828417e43810522bb8db5dc5c558f4f0dee7df50eb3cd256cdd,a0419a01095031fbe4ec00f92f55dfb6a54109fa4ea96d66ca36790e466c2c58,b92fae6ca12d310618d7bb738af1a11fcfe1af1d0a8fa843af640e89d0ab3a51,20260813,,,,False,False,4096,True,/home/msy2025/quantization_graph/results/disk_environment/.formal_runs/runs/formal_diskenv_20260826_043617_05a/05A_disk_quantizer_io/agnews/artifacts/test/PQ_4bit__resident__B2__c0__w1__r0.json
05a,agnews,PQ_4bit,resident,test,formal_diskenv_20260826_043617_05a,0,1,fixed_candidates_k18,rerank_candidates=18,18,,c0,1,0.9557,12070.0239543,82.690249,83.604,86.693,89.009,0.9557,0.0193137851372,0.0269519795324,0.0489215686275,375.738304138,393924608,,,448667648,0,0,0,0,81.697083,0,0.888907,0,0,18,,,,,,,1000,01_quantizer_fair,faiss::ProductQuantizer,05a-faiss-pq4-native-odirect-v1,ac6281f3c74243614c2779b5025d952cb0d4d247b55bb979846258d6ebf03e19,63ef625c7a9713ee555564f5ba3a211b10897e87616d3f7507d196bc6e386244,3040849c2ac0d828417e43810522bb8db5dc5c558f4f0dee7df50eb3cd256cdd,a0419a01095031fbe4ec00f92f55dfb6a54109fa4ea96d66ca36790e466c2c58,b92fae6ca12d310618d7bb738af1a11fcfe1af1d0a8fa843af640e89d0ab3a51,20260813,,,,False,False,4096,True,/home/msy2025/quantization_graph/results/disk_environment/.formal_runs/runs/formal_diskenv_20260826_043617_05a/05A_disk_quantizer_io/agnews/artifacts/test/PQ_4bit__resident__B2__c0__w1__r0.json
05a,agnews,PQ_4bit,resident,test,formal_diskenv_20260826_043617_05a,0,1,fixed_candidates_k19,rerank_candidates=19,19,,c0,1,0.9557,11408.8284184,87.489324,88.626,91.773,94.091,0.9557,0.0187105617013,0.0263946561889,0.0493157894737,375.738304138,393924608,,,448667648,0,0,0,0,86.450362,0,0.934821,0,0,19,,,,,,,1000,01_quantizer_fair,faiss::ProductQuantizer,05a-faiss-pq4-native-odirect-v1,ac6281f3c74243614c2779b5025d952cb0d4d247b55bb979846258d6ebf03e19,63ef625c7a9713ee555564f5ba3a211b10897e87616d3f7507d196bc6e386244,3040849c2ac0d828417e43810522bb8db5dc5c558f4f0dee7df50eb3cd256cdd,a0419a01095031fbe4ec00f92f55dfb6a54109fa4ea96d66ca36790e466c2c58,b92fae6ca12d310618d7bb738af1a11fcfe1af1d0a8fa843af640e89d0ab3a51,20260813,,,,False,False,4096,True,/home/msy2025/quantization_graph/results/disk_environment/.formal_runs/runs/formal_diskenv_20260826_043617_05a/05A_disk_quantizer_io/agnews/artifacts/test/PQ_4bit__resident__B2__c0__w1__r0.json
05a,agnews,PQ_4bit,resident,test,formal_diskenv_20260826_043617_05a,0,1,fixed_candidates_k20,rerank_candidates=20,20,,c0,1,0.9555,10824.7416096,92.219308,93.323,96.532,100.818,0.9555,0.0181837327021,0.0259345902219,0.0497578947368,375.738304138,393924608,,,448667648,0,0,0,0,91.13703,0,0.972493,0,0,20,,,,,,,1000,01_quantizer_fair,faiss::ProductQuantizer,05a-faiss-pq4-native-odirect-v1,ac6281f3c74243614c2779b5025d952cb0d4d247b55bb979846258d6ebf03e19,63ef625c7a9713ee555564f5ba3a211b10897e87616d3f7507d196bc6e386244,3040849c2ac0d828417e43810522bb8db5dc5c558f4f0dee7df50eb3cd256cdd,a0419a01095031fbe4ec00f92f55dfb6a54109fa4ea96d66ca36790e466c2c58,b92fae6ca12d310618d7bb738af1a11fcfe1af1d0a8fa843af640e89d0ab3a51,20260813,,,,False,False,4096,True,/home/msy2025/quantization_graph/results/disk_environment/.formal_runs/runs/formal_diskenv_20260826_043617_05a/05A_disk_quantizer_io/agnews/artifacts/test/PQ_4bit__resident__B2__c0__w1__r0.json
05a,agnews,PQ_4bit,resident,test,formal_diskenv_20260826_043617_05a,0,1,fixed_candidates_k21,rerank_candidates=21,21,,c0,1,0.9555,10311.5876146,96.814118,97.939,101.229,104.136,0.9555,0.0176978577547,0.0255468685865,0.0500619047619,375.738304138,393924608,,,448667648,0,0,0,0,95.709751,0,0.988891,0,0,21,,,,,,,1000,01_quantizer_fair,faiss::ProductQuantizer,05a-faiss-pq4-native-odirect-v1,ac6281f3c74243614c2779b5025d952cb0d4d247b55bb979846258d6ebf03e19,63ef625c7a9713ee555564f5ba3a211b10897e87616d3f7507d196bc6e386244,3040849c2ac0d828417e43810522bb8db5dc5c558f4f0dee7df50eb3cd256cdd,a0419a01095031fbe4ec00f92f55dfb6a54109fa4ea96d66ca36790e466c2c58,b92fae6ca12d310618d7bb738af1a11fcfe1af1d0a8fa843af640e89d0ab3a51,20260813,,,,False,False,4096,True,/home/msy2025/quantization_graph/results/disk_environment/.formal_runs/runs/formal_diskenv_20260826_043617_05a/05A_disk_quantizer_io/agnews/artifacts/test/PQ_4bit__resident__B2__c0__w1__r0.json
05a,agnews,PQ_4bit,resident,test,formal_diskenv_20260826_043617_05a,0,1,fixed_candidates_k22,rerank_candidates=22,22,,c0,1,0.9555,9845.79893691,101.398467,102.585,105.928,109.169,0.9555,0.0172638831199,0.0252499091317,0.050038961039,375.738304138,393924608,,,448667648,0,0,0,0,100.246875,0,1.034712,0,0,22,,,,,,,1000,01_quantizer_fair,faiss::ProductQuantizer,05a-faiss-pq4-native-odirect-v1,ac6281f3c74243614c2779b5025d952cb0d4d247b55bb979846258d6ebf03e19,63ef625c7a9713ee555564f5ba3a211b10897e87616d3f7507d196bc6e386244,3040849c2ac0d828417e43810522bb8db5dc5c558f4f0dee7df50eb3cd256cdd,a0419a01095031fbe4ec00f92f55dfb6a54109fa4ea96d66ca36790e466c2c58,b92fae6ca12d310618d7bb738af1a11fcfe1af1d0a8fa843af640e89d0ab3a51,20260813,,,,False,False,4096,True,/home/msy2025/quantization_graph/results/disk_environment/.formal_runs/runs/formal_diskenv_20260826_043617_05a/05A_disk_quantizer_io/agnews/artifacts/test/PQ_4bit__resident__B2__c0__w1__r0.json
05a,agnews,PQ_4bit,resident,test,formal_diskenv_20260826_043617_05a,0,1,fixed_candidates_k23,rerank_candidates=23,23,,c0,1,0.9555,9424.47972607,105.938249,107.329,110.466,113.517,0.9555,0.0168548745247,0.0249415318144,0.0498972332016,375.738304138,393924608,,,448667648,0,0,0,0,104.757898,0,1.062092,0,0,23,,,,,,,1000,01_quantizer_fair,faiss::ProductQuantizer,05a-faiss-pq4-native-odirect-v1,ac6281f3c74243614c2779b5025d952cb0d4d247b55bb979846258d6ebf03e19,63ef625c7a9713ee555564f5ba3a211b10897e87616d3f7507d196bc6e386244,3040849c2ac0d828417e43810522bb8db5dc5c558f4f0dee7df50eb3cd256cdd,a0419a01095031fbe4ec00f92f55dfb6a54109fa4ea96d66ca36790e466c2c58,b92fae6ca12d310618d7bb738af1a11fcfe1af1d0a8fa843af640e89d0ab3a51,20260813,,,,False,False,4096,True,/home/msy2025/quantization_graph/results/disk_environment/.formal_runs/runs/formal_diskenv_20260826_043617_05a/05A_disk_quantizer_io/agnews/artifacts/test/PQ_4bit__resident__B2__c0__w1__r0.json
05a,agnews,PQ_4bit,resident,test,formal_diskenv_20260826_043617_05a,0,1,fixed_candidates_k24,rerank_candidates=24,24,,c0,1,0.9554,9066.87955216,110.121222,111.882,114.213,118.124,0.9554,0.0164792588476,0.0246588674606,0.0498985507246,375.738304138,393924608,,,448667648,0,0,0,0,108.906468,0,1.098376,0,0,24,,,,,,,1000,01_quantizer_fair,faiss::ProductQuantizer,05a-faiss-pq4-native-odirect-v1,ac6281f3c74243614c2779b5025d952cb0d4d247b55bb979846258d6ebf03e19,63ef625c7a9713ee555564f5ba3a211b10897e87616d3f7507d196bc6e386244,3040849c2ac0d828417e43810522bb8db5dc5c558f4f0dee7df50eb3cd256cdd,a0419a01095031fbe4ec00f92f55dfb6a54109fa4ea96d66ca36790e466c2c58,b92fae6ca12d310618d7bb738af1a11fcfe1af1d0a8fa843af640e89d0ab3a51,20260813,,,,False,False,4096,True,/home/msy2025/quantization_graph/results/disk_environment/.formal_runs/runs/formal_diskenv_20260826_043617_05a/05A_disk_quantizer_io/agnews/artifacts/test/PQ_4bit__resident__B2__c0__w1__r0.json
05a,agnews,PQ_4bit,resident,test,formal_diskenv_20260826_043617_05a,0,1,fixed_candidates_k25,rerank_candidates=25,25,,c0,1,0.9554,8748.91312252,114.132913,114.043,119.493,122.942,0.9554,0.0161459619449,0.0244922063533,0.05005,375.738304138,393924608,,,448667648,0,0,0,0,112.873626,0,1.140001,0,0,25,,,,,,,1000,01_quantizer_fair,faiss::ProductQuantizer,05a-faiss-pq4-native-odirect-v1,ac6281f3c74243614c2779b5025d952cb0d4d247b55bb979846258d6ebf03e19,63ef625c7a9713ee555564f5ba3a211b10897e87616d3f7507d196bc6e386244,3040849c2ac0d828417e43810522bb8db5dc5c558f4f0dee7df50eb3cd256cdd,a0419a01095031fbe4ec00f92f55dfb6a54109fa4ea96d66ca36790e466c2c58,b92fae6ca12d310618d7bb738af1a11fcfe1af1d0a8fa843af640e89d0ab3a51,20260813,,,,False,False,4096,True,/home/msy2025/quantization_graph/results/disk_environment/.formal_runs/runs/formal_diskenv_20260826_043617_05a/05A_disk_quantizer_io/agnews/artifacts/test/PQ_4bit__resident__B2__c0__w1__r0.json
05a,agnews,PQ_4bit,resident,test,formal_diskenv_20260826_043617_05a,0,1,fixed_candidates_k26,rerank_candidates=26,26,,c0,1,0.9554,8377.96533789,119.191054,119.923,124.43,127.956,0.9554,0.0158426194401,0.0242546316132,0.0502923076923,375.738304138,393924608,,,448667648,0,0,0,0,117.919853,0,1.151133,0,0,26,,,,,,,1000,01_quantizer_fair,faiss::ProductQuantizer,05a-faiss-pq4-native-odirect-v1,ac6281f3c74243614c2779b5025d952cb0d4d247b55bb979846258d6ebf03e19,63ef625c7a9713ee555564f5ba3a211b10897e87616d3f7507d196bc6e386244,3040849c2ac0d828417e43810522bb8db5dc5c558f4f0dee7df50eb3cd256cdd,a0419a01095031fbe4ec00f92f55dfb6a54109fa4ea96d66ca36790e466c2c58,b92fae6ca12d310618d7bb738af1a11fcfe1af1d0a8fa843af640e89d0ab3a51,20260813,,,,False,False,4096,True,/home/msy2025/quantization_graph/results/disk_environment/.formal_runs/runs/formal_diskenv_20260826_043617_05a/05A_disk_quantizer_io/agnews/artifacts/test/PQ_4bit__resident__B2__c0__w1__r0.json
05a,agnews,PQ_4bit,resident,test,formal_diskenv_20260826_043617_05a,0,1,fixed_candidates_k27,rerank_candidates=27,27,,c0,1,0.9554,8123.8597452,122.917179,122.772,128.991,130.526,0.9554,0.0155538130609,0.0239799145349,0.0501424501425,375.738304138,393924608,,,448667648,0,0,0,0,121.483846,0,1.318615,0,0,27,,,,,,,1000,01_quantizer_fair,faiss::ProductQuantizer,05a-faiss-pq4-native-odirect-v1,ac6281f3c74243614c2779b5025d952cb0d4d247b55bb979846258d6ebf03e19,63ef625c7a9713ee555564f5ba3a211b10897e87616d3f7507d196bc6e386244,3040849c2ac0d828417e43810522bb8db5dc5c558f4f0dee7df50eb3cd256cdd,a0419a01095031fbe4ec00f92f55dfb6a54109fa4ea96d66ca36790e466c2c58,b92fae6ca12d310618d7bb738af1a11fcfe1af1d0a8fa843af640e89d0ab3a51,20260813,,,,False,False,4096,True,/home/msy2025/quantization_graph/results/disk_environment/.formal_runs/runs/formal_diskenv_20260826_043617_05a/05A_disk_quantizer_io/agnews/artifacts/test/PQ_4bit__resident__B2__c0__w1__r0.json
05a,agnews,PQ_4bit,resident,test,formal_diskenv_20260826_043617_05a,0,1,fixed_candidates_k28,rerank_candidates=28,28,,c0,1,0.9554,7862.89983652,126.996868,127.197,132.91,135.336,0.9554,0.0153010486429,0.0238101772255,0.0502724867725,375.738304138,393924608,,,448667648,0,0,0,0,125.503741,0,1.368191,0,0,28,,,,,,,1000,01_quantizer_fair,faiss::ProductQuantizer,05a-faiss-pq4-native-odirect-v1,ac6281f3c74243614c2779b5025d952cb0d4d247b55bb979846258d6ebf03e19,63ef625c7a9713ee555564f5ba3a211b10897e87616d3f7507d196bc6e386244,3040849c2ac0d828417e43810522bb8db5dc5c558f4f0dee7df50eb3cd256cdd,a0419a01095031fbe4ec00f92f55dfb6a54109fa4ea96d66ca36790e466c2c58,b92fae6ca12d310618d7bb738af1a11fcfe1af1d0a8fa843af640e89d0ab3a51,20260813,,,,False,False,4096,True,/home/msy2025/quantization_graph/results/disk_environment/.formal_runs/runs/formal_diskenv_20260826_043617_05a/05A_disk_quantizer_io/agnews/artifacts/test/PQ_4bit__resident__B2__c0__w1__r0.json
05a,agnews,PQ_4bit,resident,test,formal_diskenv_20260826_043617_05a,0,1,fixed_candidates_k29,rerank_candidates=29,29,,c0,1,0.9554,7578.278157,131.783517,131.662,138.022,140.894,0.9554,0.0150444965958,0.0235828895499,0.0503990147783,375.738304138,393924608,,,448667648,0,0,0,0,130.304719,0,1.360065,0,0,29,,,,,,,1000,01_quantizer_fair,faiss::ProductQuantizer,05a-faiss-pq4-native-odirect-v1,ac6281f3c74243614c2779b5025d952cb0d4d247b55bb979846258d6ebf03e19,63ef625c7a9713ee555564f5ba3a211b10897e87616d3f7507d196bc6e386244,3040849c2ac0d828417e43810522bb8db5dc5c558f4f0dee7df50eb3cd256cdd,a0419a01095031fbe4ec00f92f55dfb6a54109fa4ea96d66ca36790e466c2c58,b92fae6ca12d310618d7bb738af1a11fcfe1af1d0a8fa843af640e89d0ab3a51,20260813,,,,False,False,4096,True,/home/msy2025/quantization_graph/results/disk_environment/.formal_runs/runs/formal_diskenv_20260826_043617_05a/05A_disk_quantizer_io/agnews/artifacts/test/PQ_4bit__resident__B2__c0__w1__r0.json
05a,agnews,PQ_4bit,resident,test,formal_diskenv_20260826_043617_05a,0,1,fixed_candidates_k30,rerank_candidates=30,30,,c0,1,0.9554,7344.40740709,135.984355,136.182,142.671,143.879,0.9554,0.0148198195564,0.0235002169147,0.0505471264368,375.738304138,393924608,,,448667648,0,0,0,0,134.500266,0,1.359964,0,0,30,,,,,,,1000,01_quantizer_fair,faiss::ProductQuantizer,05a-faiss-pq4-native-odirect-v1,ac6281f3c74243614c2779b5025d952cb0d4d247b55bb979846258d6ebf03e19,63ef625c7a9713ee555564f5ba3a211b10897e87616d3f7507d196bc6e386244,3040849c2ac0d828417e43810522bb8db5dc5c558f4f0dee7df50eb3cd256cdd,a0419a01095031fbe4ec00f92f55dfb6a54109fa4ea96d66ca36790e466c2c58,b92fae6ca12d310618d7bb738af1a11fcfe1af1d0a8fa843af640e89d0ab3a51,20260813,,,,False,False,4096,True,/home/msy2025/quantization_graph/results/disk_environment/.formal_runs/runs/formal_diskenv_20260826_043617_05a/05A_disk_quantizer_io/agnews/artifacts/test/PQ_4bit__resident__B2__c0__w1__r0.json
05a,agnews,PQ_4bit,resident,test,formal_diskenv_20260826_043617_05a,0,1,fixed_candidates_k40,rerank_candidates=40,40,,c0,1,0.9554,5507.22364076,181.393497,181.475,188.783,191.099,0.9554,0.0131408316594,0.0226224462834,0.0508961538462,375.738304138,393924608,,,448667648,0,0,0,0,179.252266,0,2.001732,0,0,40,,,,,,,1000,01_quantizer_fair,faiss::ProductQuantizer,05a-faiss-pq4-native-odirect-v1,ac6281f3c74243614c2779b5025d952cb0d4d247b55bb979846258d6ebf03e19,63ef625c7a9713ee555564f5ba3a211b10897e87616d3f7507d196bc6e386244,3040849c2ac0d828417e43810522bb8db5dc5c558f4f0dee7df50eb3cd256cdd,a0419a01095031fbe4ec00f92f55dfb6a54109fa4ea96d66ca36790e466c2c58,b92fae6ca12d310618d7bb738af1a11fcfe1af1d0a8fa843af640e89d0ab3a51,20260813,,,,False,False,4096,True,/home/msy2025/quantization_graph/results/disk_environment/.formal_runs/runs/formal_diskenv_20260826_043617_05a/05A_disk_quantizer_io/agnews/artifacts/test/PQ_4bit__resident__B2__c0__w1__r0.json
05a,agnews,PQ_4bit,resident,test,formal_diskenv_20260826_043617_05a,0,1,fixed_candidates_k50,rerank_candidates=50,50,,c0,1,0.9554,4426.0975031,225.733705,225.129,234.289,237.194,0.9554,0.0121406277045,0.0221509601827,0.0513159183673,375.738304138,393924608,,,448667648,0,0,0,0,222.972966,0,2.623821,0,0,50,,,,,,,1000,01_quantizer_fair,faiss::ProductQuantizer,05a-faiss-pq4-native-odirect-v1,ac6281f3c74243614c2779b5025d952cb0d4d247b55bb979846258d6ebf03e19,63ef625c7a9713ee555564f5ba3a211b10897e87616d3f7507d196bc6e386244,3040849c2ac0d828417e43810522bb8db5dc5c558f4f0dee7df50eb3cd256cdd,a0419a01095031fbe4ec00f92f55dfb6a54109fa4ea96d66ca36790e466c2c58,b92fae6ca12d310618d7bb738af1a11fcfe1af1d0a8fa843af640e89d0ab3a51,20260813,,,,False,False,4096,True,/home/msy2025/quantization_graph/results/disk_environment/.formal_runs/runs/formal_diskenv_20260826_043617_05a/05A_disk_quantizer_io/agnews/artifacts/test/PQ_4bit__resident__B2__c0__w1__r0.json
05a,agnews,PQ_4bit,resident,test,formal_diskenv_20260826_043617_05a,0,1,fixed_candidates_k60,rerank_candidates=60,60,,c0,1,0.9554,3688.55908121,270.884233,270.678,280.128,283.572,0.9554,0.0114843649315,0.0218585359487,0.0519661016949,375.738304138,393924608,,,448667648,0,0,0,0,267.298141,0,3.430332,0,0,60,,,,,,,1000,01_quantizer_fair,faiss::ProductQuantizer,05a-faiss-pq4-native-odirect-v1,ac6281f3c74243614c2779b5025d952cb0d4d247b55bb979846258d6ebf03e19,63ef625c7a9713ee555564f5ba3a211b10897e87616d3f7507d196bc6e386244,3040849c2ac0d828417e43810522bb8db5dc5c558f4f0dee7df50eb3cd256cdd,a0419a01095031fbe4ec00f92f55dfb6a54109fa4ea96d66ca36790e466c2c58,b92fae6ca12d310618d7bb738af1a11fcfe1af1d0a8fa843af640e89d0ab3a51,20260813,,,,False,False,4096,True,/home/msy2025/quantization_graph/results/disk_environment/.formal_runs/runs/formal_diskenv_20260826_043617_05a/05A_disk_quantizer_io/agnews/artifacts/test/PQ_4bit__resident__B2__c0__w1__r0.json
05a,agnews,PQ_4bit,resident,test,formal_diskenv_20260826_043617_05a,0,1,fixed_candidates_k70,rerank_candidates=70,70,,c0,1,0.9554,3146.91638447,317.539712,317.271,328.14,333.46,0.9554,0.0110215002129,0.0217248852868,0.052150310559,375.738304138,393924608,,,448667648,0,0,0,0,311.998189,0,5.368024,0,0,70,,,,,,,1000,01_quantizer_fair,faiss::ProductQuantizer,05a-faiss-pq4-native-odirect-v1,ac6281f3c74243614c2779b5025d952cb0d4d247b55bb979846258d6ebf03e19,63ef625c7a9713ee555564f5ba3a211b10897e87616d3f7507d196bc6e386244,3040849c2ac0d828417e43810522bb8db5dc5c558f4f0dee7df50eb3cd256cdd,a0419a01095031fbe4ec00f92f55dfb6a54109fa4ea96d66ca36790e466c2c58,b92fae6ca12d310618d7bb738af1a11fcfe1af1d0a8fa843af640e89d0ab3a51,20260813,,,,False,False,4096,True,/home/msy2025/quantization_graph/results/disk_environment/.formal_runs/runs/formal_diskenv_20260826_043617_05a/05A_disk_quantizer_io/agnews/artifacts/test/PQ_4bit__resident__B2__c0__w1__r0.json
05a,agnews,PQ_4bit,resident,test,formal_diskenv_20260826_043617_05a,0,1,fixed_candidates_k80,rerank_candidates=80,80,,c0,1,0.9554,2767.99339783,361.044179,359.544,372.699,376.67,0.9554,0.0106601007614,0.0215459098429,0.0525882911392,375.738304138,393924608,,,448667648,0,0,0,0,355.116595,0,5.747325,0,0,80,,,,,,,1000,01_quantizer_fair,faiss::ProductQuantizer,05a-faiss-pq4-native-odirect-v1,ac6281f3c74243614c2779b5025d952cb0d4d247b55bb979846258d6ebf03e19,63ef625c7a9713ee555564f5ba3a211b10897e87616d3f7507d196bc6e386244,3040849c2ac0d828417e43810522bb8db5dc5c558f4f0dee7df50eb3cd256cdd,a0419a01095031fbe4ec00f92f55dfb6a54109fa4ea96d66ca36790e466c2c58,b92fae6ca12d310618d7bb738af1a11fcfe1af1d0a8fa843af640e89d0ab3a51,20260813,,,,False,False,4096,True,/home/msy2025/quantization_graph/results/disk_environment/.formal_runs/runs/formal_diskenv_20260826_043617_05a/05A_disk_quantizer_io/agnews/artifacts/test/PQ_4bit__resident__B2__c0__w1__r0.json
05a,agnews,PQ_4bit,resident,test,formal_diskenv_20260826_043617_05a,0,1,fixed_candidates_k90,rerank_candidates=90,90,,c0,1,0.9554,2466.29624295,405.209778,404.622,419.297,422.659,0.9554,0.0103875880491,0.021495250716,0.0530367041199,375.738304138,393924608,,,448667648,0,0,0,0,399.101015,0,5.920419,0,0,90,,,,,,,1000,01_quantizer_fair,faiss::ProductQuantizer,05a-faiss-pq4-native-odirect-v1,ac6281f3c74243614c2779b5025d952cb0d4d247b55bb979846258d6ebf03e19,63ef625c7a9713ee555564f5ba3a211b10897e87616d3f7507d196bc6e386244,3040849c2ac0d828417e43810522bb8db5dc5c558f4f0dee7df50eb3cd256cdd,a0419a01095031fbe4ec00f92f55dfb6a54109fa4ea96d66ca36790e466c2c58,b92fae6ca12d310618d7bb738af1a11fcfe1af1d0a8fa843af640e89d0ab3a51,20260813,,,,False,False,4096,True,/home/msy2025/quantization_graph/results/disk_environment/.formal_runs/runs/formal_diskenv_20260826_043617_05a/05A_disk_quantizer_io/agnews/artifacts/test/PQ_4bit__resident__B2__c0__w1__r0.json
05a,agnews,PQ_4bit,resident,test,formal_diskenv_20260826_043617_05a,0,1,fixed_candidates_k100,rerank_candidates=100,100,,c0,1,0.9554,2222.48657465,449.698302,447.95,465.38,469.214,0.9554,0.010162085442,0.0214133441875,0.0532507070707,375.738304138,393924608,,,448667648,0,0,0,0,442.55175,0,6.965525,0,0,100,,,,,,,1000,01_quantizer_fair,faiss::ProductQuantizer,05a-faiss-pq4-native-odirect-v1,ac6281f3c74243614c2779b5025d952cb0d4d247b55bb979846258d6ebf03e19,63ef625c7a9713ee555564f5ba3a211b10897e87616d3f7507d196bc6e386244,3040849c2ac0d828417e43810522bb8db5dc5c558f4f0dee7df50eb3cd256cdd,a0419a01095031fbe4ec00f92f55dfb6a54109fa4ea96d66ca36790e466c2c58,b92fae6ca12d310618d7bb738af1a11fcfe1af1d0a8fa843af640e89d0ab3a51,20260813,,,,False,False,4096,True,/home/msy2025/quantization_graph/results/disk_environment/.formal_runs/runs/formal_diskenv_20260826_043617_05a/05A_disk_quantizer_io/agnews/artifacts/test/PQ_4bit__resident__B2__c0__w1__r0.json
05a,agnews,PQ_4bit,resident,test,formal_diskenv_20260826_043617_05a,0,1,fixed_candidates_k140,rerank_candidates=140,140,,c0,1,0.9554,6037.48345035,165.320313,163.296,173.431,180.151,0.9554,0.00960962451316,0.0211882792258,0.0532509090909,375.738304138,393924608,,,448667648,0,0,0,0,152.866058,0,12.239891,0,0,140,,,,,,,1000,01_quantizer_fair,faiss::ProductQuantizer,05a-faiss-pq4-native-odirect-v1,ac6281f3c74243614c2779b5025d952cb0d4d247b55bb979846258d6ebf03e19,63ef625c7a9713ee555564f5ba3a211b10897e87616d3f7507d196bc6e386244,3040849c2ac0d828417e43810522bb8db5dc5c558f4f0dee7df50eb3cd256cdd,a0419a01095031fbe4ec00f92f55dfb6a54109fa4ea96d66ca36790e466c2c58,b92fae6ca12d310618d7bb738af1a11fcfe1af1d0a8fa843af640e89d0ab3a51,20260813,,,,False,False,4096,True,/home/msy2025/quantization_graph/results/disk_environment/.formal_runs/runs/formal_diskenv_20260826_043617_05a/05A_disk_quantizer_io/agnews/artifacts/test/PQ_4bit__resident__B2__c0__w1__r0.json
05a,agnews,PQ_4bit,resident,test,formal_diskenv_20260826_043617_05a,0,1,fixed_candidates_k180,rerank_candidates=180,180,,c0,1,0.9554,4784.68970491,208.002932,207.869,216.978,222.795,0.9554,0.00931710180002,0.0211205657229,0.0532509090909,375.738304138,393924608,,,448667648,0,0,0,0,193.939782,0,13.835906,0,0,180,,,,,,,1000,01_quantizer_fair,faiss::ProductQuantizer,05a-faiss-pq4-native-odirect-v1,ac6281f3c74243614c2779b5025d952cb0d4d247b55bb979846258d6ebf03e19,63ef625c7a9713ee555564f5ba3a211b10897e87616d3f7507d196bc6e386244,3040849c2ac0d828417e43810522bb8db5dc5c558f4f0dee7df50eb3cd256cdd,a0419a01095031fbe4ec00f92f55dfb6a54109fa4ea96d66ca36790e466c2c58,b92fae6ca12d310618d7bb738af1a11fcfe1af1d0a8fa843af640e89d0ab3a51,20260813,,,,False,False,4096,True,/home/msy2025/quantization_graph/results/disk_environment/.formal_runs/runs/formal_diskenv_20260826_043617_05a/05A_disk_quantizer_io/agnews/artifacts/test/PQ_4bit__resident__B2__c0__w1__r0.json
05a,agnews,PQ_4bit,resident,test,formal_diskenv_20260826_043617_05a,0,1,fixed_candidates_k220,rerank_candidates=220,220,,c0,1,0.9554,4591.12050116,216.814977,214.908,224.883,228.033,0.9554,0.00915356699974,0.0211098370139,0.0532509090909,375.738304138,393924608,,,448667648,0,0,0,0,202.388813,0,14.182285,0,0,220,,,,,,,1000,01_quantizer_fair,faiss::ProductQuantizer,05a-faiss-pq4-native-odirect-v1,ac6281f3c74243614c2779b5025d952cb0d4d247b55bb979846258d6ebf03e19,63ef625c7a9713ee555564f5ba3a211b10897e87616d3f7507d196bc6e386244,3040849c2ac0d828417e43810522bb8db5dc5c558f4f0dee7df50eb3cd256cdd,a0419a01095031fbe4ec00f92f55dfb6a54109fa4ea96d66ca36790e466c2c58,b92fae6ca12d310618d7bb738af1a11fcfe1af1d0a8fa843af640e89d0ab3a51,20260813,,,,False,False,4096,True,/home/msy2025/quantization_graph/results/disk_environment/.formal_runs/runs/formal_diskenv_20260826_043617_05a/05A_disk_quantizer_io/agnews/artifacts/test/PQ_4bit__resident__B2__c0__w1__r0.json
05a,agnews,PQ_4bit,resident,test,formal_diskenv_20260826_043617_05a,0,1,fixed_candidates_k260,rerank_candidates=260,260,,c0,1,0.9554,3888.38344009,255.986444,254.124,265.079,268.524,0.9554,0.00902330272124,0.0210962727535,0.0532509090909,375.738304138,393924608,,,448667648,0,0,0,0,238.051178,0,17.679668,0,0,260,,,,,,,1000,01_quantizer_fair,faiss::ProductQuantizer,05a-faiss-pq4-native-odirect-v1,ac6281f3c74243614c2779b5025d952cb0d4d247b55bb979846258d6ebf03e19,63ef625c7a9713ee555564f5ba3a211b10897e87616d3f7507d196bc6e386244,3040849c2ac0d828417e43810522bb8db5dc5c558f4f0dee7df50eb3cd256cdd,a0419a01095031fbe4ec00f92f55dfb6a54109fa4ea96d66ca36790e466c2c58,b92fae6ca12d310618d7bb738af1a11fcfe1af1d0a8fa843af640e89d0ab3a51,20260813,,,,False,False,4096,True,/home/msy2025/quantization_graph/results/disk_environment/.formal_runs/runs/formal_diskenv_20260826_043617_05a/05A_disk_quantizer_io/agnews/artifacts/test/PQ_4bit__resident__B2__c0__w1__r0.json
05a,agnews,PQ_4bit,resident,test,formal_diskenv_20260826_043617_05a,0,1,fixed_candidates_k300,rerank_candidates=300,300,,c0,1,0.9554,3294.18365165,302.437847,301.089,312.108,320.445,0.9554,0.00894357767419,0.0210970446833,0.0532509090909,375.738304138,393924608,,,448667648,0,0,0,0,277.485805,0,24.637111,0,0,300,,,,,,,1000,01_quantizer_fair,faiss::ProductQuantizer,05a-faiss-pq4-native-odirect-v1,ac6281f3c74243614c2779b5025d952cb0d4d247b55bb979846258d6ebf03e19,63ef625c7a9713ee555564f5ba3a211b10897e87616d3f7507d196bc6e386244,3040849c2ac0d828417e43810522bb8db5dc5c558f4f0dee7df50eb3cd256cdd,a0419a01095031fbe4ec00f92f55dfb6a54109fa4ea96d66ca36790e466c2c58,b92fae6ca12d310618d7bb738af1a11fcfe1af1d0a8fa843af640e89d0ab3a51,20260813,,,,False,False,4096,True,/home/msy2025/quantization_graph/results/disk_environment/.formal_runs/runs/formal_diskenv_20260826_043617_05a/05A_disk_quantizer_io/agnews/artifacts/test/PQ_4bit__resident__B2__c0__w1__r0.json
05a,agnews,PQ_4bit,resident,test,formal_diskenv_20260826_043617_05a,0,1,fixed_candidates_k340,rerank_candidates=340,340,,c0,1,0.9554,2906.64488815,342.435291,340.757,353,358.065,0.9554,0.00887475790815,0.0210789321293,0.0532509090909,375.738304138,393924608,,,448667648,0,0,0,0,316.681682,0,25.430854,0,0,340,,,,,,,1000,01_quantizer_fair,faiss::ProductQuantizer,05a-faiss-pq4-native-odirect-v1,ac6281f3c74243614c2779b5025d952cb0d4d247b55bb979846258d6ebf03e19,63ef625c7a9713ee555564f5ba3a211b10897e87616d3f7507d196bc6e386244,3040849c2ac0d828417e43810522bb8db5dc5c558f4f0dee7df50eb3cd256cdd,a0419a01095031fbe4ec00f92f55dfb6a54109fa4ea96d66ca36790e466c2c58,b92fae6ca12d310618d7bb738af1a11fcfe1af1d0a8fa843af640e89d0ab3a51,20260813,,,,False,False,4096,True,/home/msy2025/quantization_graph/results/disk_environment/.formal_runs/runs/formal_diskenv_20260826_043617_05a/05A_disk_quantizer_io/agnews/artifacts/test/PQ_4bit__resident__B2__c0__w1__r0.json
05a,agnews,PQ_4bit,resident,test,formal_diskenv_20260826_043617_05a,0,1,fixed_candidates_k380,rerank_candidates=380,380,,c0,1,0.9554,2600.90024752,383.314239,382.382,394.342,400.625,0.9554,0.00883199820975,0.0211064935214,0.0532509090909,375.738304138,393924608,,,448667648,0,0,0,0,356.016265,0,26.942671,0,0,380,,,,,,,1000,01_quantizer_fair,faiss::ProductQuantizer,05a-faiss-pq4-native-odirect-v1,ac6281f3c74243614c2779b5025d952cb0d4d247b55bb979846258d6ebf03e19,63ef625c7a9713ee555564f5ba3a211b10897e87616d3f7507d196bc6e386244,3040849c2ac0d828417e43810522bb8db5dc5c558f4f0dee7df50eb3cd256cdd,a0419a01095031fbe4ec00f92f55dfb6a54109fa4ea96d66ca36790e466c2c58,b92fae6ca12d310618d7bb738af1a11fcfe1af1d0a8fa843af640e89d0ab3a51,20260813,,,,False,False,4096,True,/home/msy2025/quantization_graph/results/disk_environment/.formal_runs/runs/formal_diskenv_20260826_043617_05a/05A_disk_quantizer_io/agnews/artifacts/test/PQ_4bit__resident__B2__c0__w1__r0.json
05a,agnews,PQ_4bit,resident,test,formal_diskenv_20260826_043617_05a,0,1,fixed_candidates_k420,rerank_candidates=420,420,,c0,1,0.9554,2331.86686113,427.601376,425.441,441.665,451.127,0.9554,0.0087917274736,0.0211068711359,0.0532509090909,375.738304138,393924608,,,448667648,0,0,0,0,393.252133,0,33.99083,0,0,420,,,,,,,1000,01_quantizer_fair,faiss::ProductQuantizer,05a-faiss-pq4-native-odirect-v1,ac6281f3c74243614c2779b5025d952cb0d4d247b55bb979846258d6ebf03e19,63ef625c7a9713ee555564f5ba3a211b10897e87616d3f7507d196bc6e386244,3040849c2ac0d828417e43810522bb8db5dc5c558f4f0dee7df50eb3cd256cdd,a0419a01095031fbe4ec00f92f55dfb6a54109fa4ea96d66ca36790e466c2c58,b92fae6ca12d310618d7bb738af1a11fcfe1af1d0a8fa843af640e89d0ab3a51,20260813,,,,False,False,4096,True,/home/msy2025/quantization_graph/results/disk_environment/.formal_runs/runs/formal_diskenv_20260826_043617_05a/05A_disk_quantizer_io/agnews/artifacts/test/PQ_4bit__resident__B2__c0__w1__r0.json
05a,agnews,PQ_4bit,resident,test,formal_diskenv_20260826_043617_05a,0,1,fixed_candidates_k460,rerank_candidates=460,460,,c0,1,0.9554,2142.3743588,465.568136,463.977,479.66,486.188,0.9554,0.00876087487775,0.0211002862065,0.0532509090909,375.738304138,393924608,,,448667648,0,0,0,0,431.084902,0,34.091986,0,0,460,,,,,,,1000,01_quantizer_fair,faiss::ProductQuantizer,05a-faiss-pq4-native-odirect-v1,ac6281f3c74243614c2779b5025d952cb0d4d247b55bb979846258d6ebf03e19,63ef625c7a9713ee555564f5ba3a211b10897e87616d3f7507d196bc6e386244,3040849c2ac0d828417e43810522bb8db5dc5c558f4f0dee7df50eb3cd256cdd,a0419a01095031fbe4ec00f92f55dfb6a54109fa4ea96d66ca36790e466c2c58,b92fae6ca12d310618d7bb738af1a11fcfe1af1d0a8fa843af640e89d0ab3a51,20260813,,,,False,False,4096,True,/home/msy2025/quantization_graph/results/disk_environment/.formal_runs/runs/formal_diskenv_20260826_043617_05a/05A_disk_quantizer_io/agnews/artifacts/test/PQ_4bit__resident__B2__c0__w1__r0.json
05a,agnews,PQ_4bit,payload_on_ssd,test,formal_diskenv_20260826_043617_05a,0,1,fixed_candidates_k10,rerank_candidates=10,10,,c0,1,1,1319.27906054,745.808022,729.043,1005.741,1108.805,1,0.0282627549292,0.0382487310805,0.0478666666667,375.738304138,0,,,57327616,9.998,9.999,40955.904,698.041985,46.179953,0,0.765166,0,0,10,,,,,,,1000,01_quantizer_fair,faiss::ProductQuantizer,05a-faiss-pq4-native-odirect-v1,ac6281f3c74243614c2779b5025d952cb0d4d247b55bb979846258d6ebf03e19,63ef625c7a9713ee555564f5ba3a211b10897e87616d3f7507d196bc6e386244,3040849c2ac0d828417e43810522bb8db5dc5c558f4f0dee7df50eb3cd256cdd,a0419a01095031fbe4ec00f92f55dfb6a54109fa4ea96d66ca36790e466c2c58,b92fae6ca12d310618d7bb738af1a11fcfe1af1d0a8fa843af640e89d0ab3a51,20260813,,,,True,True,4096,True,/home/msy2025/quantization_graph/results/disk_environment/.formal_runs/runs/formal_diskenv_20260826_043617_05a/05A_disk_quantizer_io/agnews/artifacts/test/PQ_4bit__payload_on_ssd__B2__c0__w1__r0.json
05a,agnews,PQ_4bit,payload_on_ssd,test,formal_diskenv_20260826_043617_05a,0,1,fixed_candidates_k11,rerank_candidates=11,11,,c0,1,0.9717,978.469000025,1010.687076,751.479,4146.957,6226.169,0.9717,0.026462508849,0.0354019168642,0.0472181818182,375.738304138,0,,,57327616,10.998,10.999,45051.904,958.578797,50.487504,0,0.788663,0,0,11,,,,,,,1000,01_quantizer_fair,faiss::ProductQuantizer,05a-faiss-pq4-native-odirect-v1,ac6281f3c74243614c2779b5025d952cb0d4d247b55bb979846258d6ebf03e19,63ef625c7a9713ee555564f5ba3a211b10897e87616d3f7507d196bc6e386244,3040849c2ac0d828417e43810522bb8db5dc5c558f4f0dee7df50eb3cd256cdd,a0419a01095031fbe4ec00f92f55dfb6a54109fa4ea96d66ca36790e466c2c58,b92fae6ca12d310618d7bb738af1a11fcfe1af1d0a8fa843af640e89d0ab3a51,20260813,,,,True,True,4096,True,/home/msy2025/quantization_graph/results/disk_environment/.formal_runs/runs/formal_diskenv_20260826_043617_05a/05A_disk_quantizer_io/agnews/artifacts/test/PQ_4bit__payload_on_ssd__B2__c0__w1__r0.json
05a,agnews,PQ_4bit,payload_on_ssd,test,formal_diskenv_20260826_043617_05a,0,1,fixed_candidates_k12,rerank_candidates=12,12,,c0,1,0.9635,649.772070841,1527.620902,807.09,6143.545,7129.579,0.9635,0.0249494457184,0.0331401235817,0.047196969697,375.738304138,0,,,57327616,11.998,11.999,49147.904,1471.453227,54.494254,0,0.860072,0,0,12,,,,,,,1000,01_quantizer_fair,faiss::ProductQuantizer,05a-faiss-pq4-native-odirect-v1,ac6281f3c74243614c2779b5025d952cb0d4d247b55bb979846258d6ebf03e19,63ef625c7a9713ee555564f5ba3a211b10897e87616d3f7507d196bc6e386244,3040849c2ac0d828417e43810522bb8db5dc5c558f4f0dee7df50eb3cd256cdd,a0419a01095031fbe4ec00f92f55dfb6a54109fa4ea96d66ca36790e466c2c58,b92fae6ca12d310618d7bb738af1a11fcfe1af1d0a8fa843af640e89d0ab3a51,20260813,,,,True,True,4096,True,/home/msy2025/quantization_graph/results/disk_environment/.formal_runs/runs/formal_diskenv_20260826_043617_05a/05A_disk_quantizer_io/agnews/artifacts/test/PQ_4bit__payload_on_ssd__B2__c0__w1__r0.json
05a,agnews,PQ_4bit,payload_on_ssd,test,formal_diskenv_20260826_043617_05a,0,1,fixed_candidates_k13,rerank_candidates=13,13,,c0,1,0.9588,601.684714674,1649.971781,817.5,6254.29,6985.492,0.9588,0.0236513292626,0.0313019494449,0.0479487179487,375.738304138,0,,,57327616,12.998,12.999,53243.904,1589.114212,59.162018,0,0.882834,0,0,13,,,,,,,1000,01_quantizer_fair,faiss::ProductQuantizer,05a-faiss-pq4-native-odirect-v1,ac6281f3c74243614c2779b5025d952cb0d4d247b55bb979846258d6ebf03e19,63ef625c7a9713ee555564f5ba3a211b10897e87616d3f7507d196bc6e386244,3040849c2ac0d828417e43810522bb8db5dc5c558f4f0dee7df50eb3cd256cdd,a0419a01095031fbe4ec00f92f55dfb6a54109fa4ea96d66ca36790e466c2c58,b92fae6ca12d310618d7bb738af1a11fcfe1af1d0a8fa843af640e89d0ab3a51,20260813,,,,True,True,4096,True,/home/msy2025/quantization_graph/results/disk_environment/.formal_runs/runs/formal_diskenv_20260826_043617_05a/05A_disk_quantizer_io/agnews/artifacts/test/PQ_4bit__payload_on_ssd__B2__c0__w1__r0.json
05a,agnews,PQ_4bit,payload_on_ssd,test,formal_diskenv_20260826_043617_05a,0,1,fixed_candidates_k14,rerank_candidates=14,14,,c0,1,0.9576,558.348400919,1779.692278,831.896,7119.054,9024.033,0.9576,0.0225377919037,0.0300268272489,0.0481648351648,375.738304138,0,,,57327616,13.998,13.999,57339.904,1714.122632,63.706689,0,1.002048,0,0,14,,,,,,,1000,01_quantizer_fair,faiss::ProductQuantizer,05a-faiss-pq4-native-odirect-v1,ac6281f3c74243614c2779b5025d952cb0d4d247b55bb979846258d6ebf03e19,63ef625c7a9713ee555564f5ba3a211b10897e87616d3f7507d196bc6e386244,3040849c2ac0d828417e43810522bb8db5dc5c558f4f0dee7df50eb3cd256cdd,a0419a01095031fbe4ec00f92f55dfb6a54109fa4ea96d66ca36790e466c2c58,b92fae6ca12d310618d7bb738af1a11fcfe1af1d0a8fa843af640e89d0ab3a51,20260813,,,,True,True,4096,True,/home/msy2025/quantization_graph/results/disk_environment/.formal_runs/runs/formal_diskenv_20260826_043617_05a/05A_disk_quantizer_io/agnews/artifacts/test/PQ_4bit__payload_on_ssd__B2__c0__w1__r0.json
05a,agnews,PQ_4bit,payload_on_ssd,test,formal_diskenv_20260826_043617_05a,0,1,fixed_candidates_k15,rerank_candidates=15,15,,c0,1,0.9566,520.300854458,1910.226364,846.283,7265.592,9344.428,0.9566,0.0215851678861,0.0290810693927,0.0489523809524,375.738304138,0,,,57327616,14.997,14.999,61435.904,1839.748257,68.607473,0,1.02317,0,0,15,,,,,,,1000,01_quantizer_fair,faiss::ProductQuantizer,05a-faiss-pq4-native-odirect-v1,ac6281f3c74243614c2779b5025d952cb0d4d247b55bb979846258d6ebf03e19,63ef625c7a9713ee555564f5ba3a211b10897e87616d3f7507d196bc6e386244,3040849c2ac0d828417e43810522bb8db5dc5c558f4f0dee7df50eb3cd256cdd,a0419a01095031fbe4ec00f92f55dfb6a54109fa4ea96d66ca36790e466c2c58,b92fae6ca12d310618d7bb738af1a11fcfe1af1d0a8fa843af640e89d0ab3a51,20260813,,,,True,True,4096,True,/home/msy2025/quantization_graph/results/disk_environment/.formal_runs/runs/formal_diskenv_20260826_043617_05a/05A_disk_quantizer_io/agnews/artifacts/test/PQ_4bit__payload_on_ssd__B2__c0__w1__r0.json
05a,agnews,PQ_4bit,payload_on_ssd,test,formal_diskenv_20260826_043617_05a,0,1,fixed_candidates_k16,rerank_candidates=16,16,,c0,1,0.956,486.146451798,2044.835444,858.388,7320.221,9127.239,0.956,0.0207426050439,0.0281714600977,0.0489416666667,375.738304138,0,,,57327616,15.996,15.999,65531.904,1970.119204,72.723882,0,1.099042,0,0,16,,,,,,,1000,01_quantizer_fair,faiss::ProductQuantizer,05a-faiss-pq4-native-odirect-v1,ac6281f3c74243614c2779b5025d952cb0d4d247b55bb979846258d6ebf03e19,63ef625c7a9713ee555564f5ba3a211b10897e87616d3f7507d196bc6e386244,3040849c2ac0d828417e43810522bb8db5dc5c558f4f0dee7df50eb3cd256cdd,a0419a01095031fbe4ec00f92f55dfb6a54109fa4ea96d66ca36790e466c2c58,b92fae6ca12d310618d7bb738af1a11fcfe1af1d0a8fa843af640e89d0ab3a51,20260813,,,,True,True,4096,True,/home/msy2025/quantization_graph/results/disk_environment/.formal_runs/runs/formal_diskenv_20260826_043617_05a/05A_disk_quantizer_io/agnews/artifacts/test/PQ_4bit__payload_on_ssd__B2__c0__w1__r0.json
05a,agnews,PQ_4bit,payload_on_ssd,test,formal_diskenv_20260826_043617_05a,0,1,fixed_candidates_k17,rerank_candidates=17,17,,c0,1,0.9559,458.92614196,2167.224847,865.008,7490.817,9088.499,0.9559,0.0200083975195,0.0276272953451,0.0492132352941,375.738304138,0,,,57327616,16.996,16.999,69627.904,2088.170408,77.065846,0,1.081947,0,0,17,,,,,,,1000,01_quantizer_fair,faiss::ProductQuantizer,05a-faiss-pq4-native-odirect-v1,ac6281f3c74243614c2779b5025d952cb0d4d247b55bb979846258d6ebf03e19,63ef625c7a9713ee555564f5ba3a211b10897e87616d3f7507d196bc6e386244,3040849c2ac0d828417e43810522bb8db5dc5c558f4f0dee7df50eb3cd256cdd,a0419a01095031fbe4ec00f92f55dfb6a54109fa4ea96d66ca36790e466c2c58,b92fae6ca12d310618d7bb738af1a11fcfe1af1d0a8fa843af640e89d0ab3a51,20260813,,,,True,True,4096,True,/home/msy2025/quantization_graph/results/disk_environment/.formal_runs/runs/formal_diskenv_20260826_043617_05a/05A_disk_quantizer_io/agnews/artifacts/test/PQ_4bit__payload_on_ssd__B2__c0__w1__r0.json
05a,agnews,PQ_4bit,payload_on_ssd,test,formal_diskenv_20260826_043617_05a,0,1,fixed_candidates_k18,rerank_candidates=18,18,,c0,1,0.9557,432.714719049,2299.190965,882.086,7607.065,10721.525,0.9557,0.0193137851372,0.0269519795324,0.0489215686275,375.738304138,0,,,57327616,17.996,17.999,73723.904,2216.002755,81.170608,0,1.123282,0,0,18,,,,,,,1000,01_quantizer_fair,faiss::ProductQuantizer,05a-faiss-pq4-native-odirect-v1,ac6281f3c74243614c2779b5025d952cb0d4d247b55bb979846258d6ebf03e19,63ef625c7a9713ee555564f5ba3a211b10897e87616d3f7507d196bc6e386244,3040849c2ac0d828417e43810522bb8db5dc5c558f4f0dee7df50eb3cd256cdd,a0419a01095031fbe4ec00f92f55dfb6a54109fa4ea96d66ca36790e466c2c58,b92fae6ca12d310618d7bb738af1a11fcfe1af1d0a8fa843af640e89d0ab3a51,20260813,,,,True,True,4096,True,/home/msy2025/quantization_graph/results/disk_environment/.formal_runs/runs/formal_diskenv_20260826_043617_05a/05A_disk_quantizer_io/agnews/artifacts/test/PQ_4bit__payload_on_ssd__B2__c0__w1__r0.json
05a,agnews,PQ_4bit,payload_on_ssd,test,formal_diskenv_20260826_043617_05a,0,1,fixed_candidates_k19,rerank_candidates=19,19,,c0,1,0.9557,408.162763849,2438.566378,889.15,7782.625,8928.182,0.9557,0.0187105617013,0.0263946561889,0.0493157894737,375.738304138,0,,,57327616,18.996,18.999,77819.904,2350.375527,85.993432,0,1.224904,0,0,19,,,,,,,1000,01_quantizer_fair,faiss::ProductQuantizer,05a-faiss-pq4-native-odirect-v1,ac6281f3c74243614c2779b5025d952cb0d4d247b55bb979846258d6ebf03e19,63ef625c7a9713ee555564f5ba3a211b10897e87616d3f7507d196bc6e386244,3040849c2ac0d828417e43810522bb8db5dc5c558f4f0dee7df50eb3cd256cdd,a0419a01095031fbe4ec00f92f55dfb6a54109fa4ea96d66ca36790e466c2c58,b92fae6ca12d310618d7bb738af1a11fcfe1af1d0a8fa843af640e89d0ab3a51,20260813,,,,True,True,4096,True,/home/msy2025/quantization_graph/results/disk_environment/.formal_runs/runs/formal_diskenv_20260826_043617_05a/05A_disk_quantizer_io/agnews/artifacts/test/PQ_4bit__payload_on_ssd__B2__c0__w1__r0.json
05a,agnews,PQ_4bit,payload_on_ssd,test,formal_diskenv_20260826_043617_05a,0,1,fixed_candidates_k20,rerank_candidates=20,20,,c0,1,0.9555,390.015967367,2552.077401,902.874,8045.398,9039.631,0.9555,0.0181837327021,0.0259345902219,0.0497578947368,375.738304138,0,,,57327616,19.996,19.999,81915.904,2458.962413,90.813531,0,1.278499,0,0,20,,,,,,,1000,01_quantizer_fair,faiss::ProductQuantizer,05a-faiss-pq4-native-odirect-v1,ac6281f3c74243614c2779b5025d952cb0d4d247b55bb979846258d6ebf03e19,63ef625c7a9713ee555564f5ba3a211b10897e87616d3f7507d196bc6e386244,3040849c2ac0d828417e43810522bb8db5dc5c558f4f0dee7df50eb3cd256cdd,a0419a01095031fbe4ec00f92f55dfb6a54109fa4ea96d66ca36790e466c2c58,b92fae6ca12d310618d7bb738af1a11fcfe1af1d0a8fa843af640e89d0ab3a51,20260813,,,,True,True,4096,True,/home/msy2025/quantization_graph/results/disk_environment/.formal_runs/runs/formal_diskenv_20260826_043617_05a/05A_disk_quantizer_io/agnews/artifacts/test/PQ_4bit__payload_on_ssd__B2__c0__w1__r0.json
05a,agnews,PQ_4bit,payload_on_ssd,test,formal_diskenv_20260826_043617_05a,0,1,fixed_candidates_k21,rerank_candidates=21,21,,c0,1,0.9555,370.371111524,2686.09911,918.29,8678.031,10664.669,0.9555,0.0176978577547,0.0255468685865,0.0500619047619,375.738304138,0,,,57327616,20.996,20.999,86011.904,2589.071601,94.722874,0,1.267462,0,0,21,,,,,,,1000,01_quantizer_fair,faiss::ProductQuantizer,05a-faiss-pq4-native-odirect-v1,ac6281f3c74243614c2779b5025d952cb0d4d247b55bb979846258d6ebf03e19,63ef625c7a9713ee555564f5ba3a211b10897e87616d3f7507d196bc6e386244,3040849c2ac0d828417e43810522bb8db5dc5c558f4f0dee7df50eb3cd256cdd,a0419a01095031fbe4ec00f92f55dfb6a54109fa4ea96d66ca36790e466c2c58,b92fae6ca12d310618d7bb738af1a11fcfe1af1d0a8fa843af640e89d0ab3a51,20260813,,,,True,True,4096,True,/home/msy2025/quantization_graph/results/disk_environment/.formal_runs/runs/formal_diskenv_20260826_043617_05a/05A_disk_quantizer_io/agnews/artifacts/test/PQ_4bit__payload_on_ssd__B2__c0__w1__r0.json
05a,agnews,PQ_4bit,payload_on_ssd,test,formal_diskenv_20260826_043617_05a,0,1,fixed_candidates_k22,rerank_candidates=22,22,,c0,1,0.9555,354.991307317,2803.840373,919.784,9668.84,11139.908,0.9555,0.0172638831199,0.0252499091317,0.050038961039,375.738304138,0,,,57327616,21.995,21.999,90107.904,2701.11981,100.350615,0,1.271989,0,0,22,,,,,,,1000,01_quantizer_fair,faiss::ProductQuantizer,05a-faiss-pq4-native-odirect-v1,ac6281f3c74243614c2779b5025d952cb0d4d247b55bb979846258d6ebf03e19,63ef625c7a9713ee555564f5ba3a211b10897e87616d3f7507d196bc6e386244,3040849c2ac0d828417e43810522bb8db5dc5c558f4f0dee7df50eb3cd256cdd,a0419a01095031fbe4ec00f92f55dfb6a54109fa4ea96d66ca36790e466c2c58,b92fae6ca12d310618d7bb738af1a11fcfe1af1d0a8fa843af640e89d0ab3a51,20260813,,,,True,True,4096,True,/home/msy2025/quantization_graph/results/disk_environment/.formal_runs/runs/formal_diskenv_20260826_043617_05a/05A_disk_quantizer_io/agnews/artifacts/test/PQ_4bit__payload_on_ssd__B2__c0__w1__r0.json
05a,agnews,PQ_4bit,payload_on_ssd,test,formal_diskenv_20260826_043617_05a,0,1,fixed_candidates_k23,rerank_candidates=23,23,,c0,1,0.9555,337.042407622,2955.263047,939.92,9876.862,11346.178,0.9555,0.0168548745247,0.0249415318144,0.0498972332016,375.738304138,0,,,57327616,22.994,22.999,94203.904,2849.683721,103.044876,0,1.444112,0,0,23,,,,,,,1000,01_quantizer_fair,faiss::ProductQuantizer,05a-faiss-pq4-native-odirect-v1,ac6281f3c74243614c2779b5025d952cb0d4d247b55bb979846258d6ebf03e19,63ef625c7a9713ee555564f5ba3a211b10897e87616d3f7507d196bc6e386244,3040849c2ac0d828417e43810522bb8db5dc5c558f4f0dee7df50eb3cd256cdd,a0419a01095031fbe4ec00f92f55dfb6a54109fa4ea96d66ca36790e466c2c58,b92fae6ca12d310618d7bb738af1a11fcfe1af1d0a8fa843af640e89d0ab3a51,20260813,,,,True,True,4096,True,/home/msy2025/quantization_graph/results/disk_environment/.formal_runs/runs/formal_diskenv_20260826_043617_05a/05A_disk_quantizer_io/agnews/artifacts/test/PQ_4bit__payload_on_ssd__B2__c0__w1__r0.json
05a,agnews,PQ_4bit,payload_on_ssd,test,formal_diskenv_20260826_043617_05a,0,1,fixed_candidates_k24,rerank_candidates=24,24,,c0,1,0.9554,324.465943536,3069.861866,942.968,9029.322,10925.414,0.9554,0.0164792588476,0.0246588674606,0.0498985507246,375.738304138,0,,,57327616,23.993,23.999,98299.904,2960.118195,107.098117,0,1.479385,0,0,24,,,,,,,1000,01_quantizer_fair,faiss::ProductQuantizer,05a-faiss-pq4-native-odirect-v1,ac6281f3c74243614c2779b5025d952cb0d4d247b55bb979846258d6ebf03e19,63ef625c7a9713ee555564f5ba3a211b10897e87616d3f7507d196bc6e386244,3040849c2ac0d828417e43810522bb8db5dc5c558f4f0dee7df50eb3cd256cdd,a0419a01095031fbe4ec00f92f55dfb6a54109fa4ea96d66ca36790e466c2c58,b92fae6ca12d310618d7bb738af1a11fcfe1af1d0a8fa843af640e89d0ab3a51,20260813,,,,True,True,4096,True,/home/msy2025/quantization_graph/results/disk_environment/.formal_runs/runs/formal_diskenv_20260826_043617_05a/05A_disk_quantizer_io/agnews/artifacts/test/PQ_4bit__payload_on_ssd__B2__c0__w1__r0.json
05a,agnews,PQ_4bit,payload_on_ssd,test,formal_diskenv_20260826_043617_05a,0,1,fixed_candidates_k25,rerank_candidates=25,25,,c0,1,0.9554,312.404645023,3188.768702,976.503,9057.643,10814.148,0.9554,0.0161459619449,0.0244922063533,0.05005,375.738304138,0,,,57327616,24.993,24.999,102395.904,3073.381294,112.654527,0,1.557116,0,0,25,,,,,,,1000,01_quantizer_fair,faiss::ProductQuantizer,05a-faiss-pq4-native-odirect-v1,ac6281f3c74243614c2779b5025d952cb0d4d247b55bb979846258d6ebf03e19,63ef625c7a9713ee555564f5ba3a211b10897e87616d3f7507d196bc6e386244,3040849c2ac0d828417e43810522bb8db5dc5c558f4f0dee7df50eb3cd256cdd,a0419a01095031fbe4ec00f92f55dfb6a54109fa4ea96d66ca36790e466c2c58,b92fae6ca12d310618d7bb738af1a11fcfe1af1d0a8fa843af640e89d0ab3a51,20260813,,,,True,True,4096,True,/home/msy2025/quantization_graph/results/disk_environment/.formal_runs/runs/formal_diskenv_20260826_043617_05a/05A_disk_quantizer_io/agnews/artifacts/test/PQ_4bit__payload_on_ssd__B2__c0__w1__r0.json
05a,agnews,PQ_4bit,payload_on_ssd,test,formal_diskenv_20260826_043617_05a,0,1,fixed_candidates_k26,rerank_candidates=26,26,,c0,1,0.9554,300.029254322,3321.531209,982.459,9093.64,9966.289,0.9554,0.0158426194401,0.0242546316132,0.0502923076923,375.738304138,0,,,57327616,25.992,25.999,106491.904,3200.128599,118.629941,0,1.5609,0,0,26,,,,,,,1000,01_quantizer_fair,faiss::ProductQuantizer,05a-faiss-pq4-native-odirect-v1,ac6281f3c74243614c2779b5025d952cb0d4d247b55bb979846258d6ebf03e19,63ef625c7a9713ee555564f5ba3a211b10897e87616d3f7507d196bc6e386244,3040849c2ac0d828417e43810522bb8db5dc5c558f4f0dee7df50eb3cd256cdd,a0419a01095031fbe4ec00f92f55dfb6a54109fa4ea96d66ca36790e466c2c58,b92fae6ca12d310618d7bb738af1a11fcfe1af1d0a8fa843af640e89d0ab3a51,20260813,,,,True,True,4096,True,/home/msy2025/quantization_graph/results/disk_environment/.formal_runs/runs/formal_diskenv_20260826_043617_05a/05A_disk_quantizer_io/agnews/artifacts/test/PQ_4bit__payload_on_ssd__B2__c0__w1__r0.json
05a,agnews,PQ_4bit,payload_on_ssd,test,formal_diskenv_20260826_043617_05a,0,1,fixed_candidates_k27,rerank_candidates=27,27,,c0,1,0.9554,288.768476695,3451.464071,980.284,9069.961,9981.456,0.9554,0.0155538130609,0.0239799145349,0.0501424501425,375.738304138,0,,,57327616,26.991,26.998,110583.808,3327.107486,121.52354,0,1.607626,0,0,27,,,,,,,1000,01_quantizer_fair,faiss::ProductQuantizer,05a-faiss-pq4-native-odirect-v1,ac6281f3c74243614c2779b5025d952cb0d4d247b55bb979846258d6ebf03e19,63ef625c7a9713ee555564f5ba3a211b10897e87616d3f7507d196bc6e386244,3040849c2ac0d828417e43810522bb8db5dc5c558f4f0dee7df50eb3cd256cdd,a0419a01095031fbe4ec00f92f55dfb6a54109fa4ea96d66ca36790e466c2c58,b92fae6ca12d310618d7bb738af1a11fcfe1af1d0a8fa843af640e89d0ab3a51,20260813,,,,True,True,4096,True,/home/msy2025/quantization_graph/results/disk_environment/.formal_runs/runs/formal_diskenv_20260826_043617_05a/05A_disk_quantizer_io/agnews/artifacts/test/PQ_4bit__payload_on_ssd__B2__c0__w1__r0.json
05a,agnews,PQ_4bit,payload_on_ssd,test,formal_diskenv_20260826_043617_05a,0,1,fixed_candidates_k28,rerank_candidates=28,28,,c0,1,0.9554,278.863513735,3574.213352,1014.586,10410.398,11913.144,0.9554,0.0153010486429,0.0238101772255,0.0502724867725,375.738304138,0,,,57327616,27.991,27.998,114679.808,3446.087267,125.333658,0,1.596234,0,0,28,,,,,,,1000,01_quantizer_fair,faiss::ProductQuantizer,05a-faiss-pq4-native-odirect-v1,ac6281f3c74243614c2779b5025d952cb0d4d247b55bb979846258d6ebf03e19,63ef625c7a9713ee555564f5ba3a211b10897e87616d3f7507d196bc6e386244,3040849c2ac0d828417e43810522bb8db5dc5c558f4f0dee7df50eb3cd256cdd,a0419a01095031fbe4ec00f92f55dfb6a54109fa4ea96d66ca36790e466c2c58,b92fae6ca12d310618d7bb738af1a11fcfe1af1d0a8fa843af640e89d0ab3a51,20260813,,,,True,True,4096,True,/home/msy2025/quantization_graph/results/disk_environment/.formal_runs/runs/formal_diskenv_20260826_043617_05a/05A_disk_quantizer_io/agnews/artifacts/test/PQ_4bit__payload_on_ssd__B2__c0__w1__r0.json
05a,agnews,PQ_4bit,payload_on_ssd,test,formal_diskenv_20260826_043617_05a,0,1,fixed_candidates_k29,rerank_candidates=29,29,,c0,1,0.9554,269.323905011,3700.890917,1052.599,10933.851,12419.126,0.9554,0.0150444965958,0.0235828895499,0.0503990147783,375.738304138,0,,,57327616,28.989,28.996,118767.616,3567.319905,130.379863,0,1.919616,0,0,29,,,,,,,1000,01_quantizer_fair,faiss::ProductQuantizer,05a-faiss-pq4-native-odirect-v1,ac6281f3c74243614c2779b5025d952cb0d4d247b55bb979846258d6ebf03e19,63ef625c7a9713ee555564f5ba3a211b10897e87616d3f7507d196bc6e386244,3040849c2ac0d828417e43810522bb8db5dc5c558f4f0dee7df50eb3cd256cdd,a0419a01095031fbe4ec00f92f55dfb6a54109fa4ea96d66ca36790e466c2c58,b92fae6ca12d310618d7bb738af1a11fcfe1af1d0a8fa843af640e89d0ab3a51,20260813,,,,True,True,4096,True,/home/msy2025/quantization_graph/results/disk_environment/.formal_runs/runs/formal_diskenv_20260826_043617_05a/05A_disk_quantizer_io/agnews/artifacts/test/PQ_4bit__payload_on_ssd__B2__c0__w1__r0.json
05a,agnews,PQ_4bit,payload_on_ssd,test,formal_diskenv_20260826_043617_05a,0,1,fixed_candidates_k30,rerank_candidates=30,30,,c0,1,0.9554,260.350622223,3828.717786,1098.449,9392.126,12067.182,0.9554,0.0148198195564,0.0235002169147,0.0505471264368,375.738304138,0,,,57327616,29.989,29.996,122863.616,3690.457386,135.106092,0,1.809955,0,0,30,,,,,,,1000,01_quantizer_fair,faiss::ProductQuantizer,05a-faiss-pq4-native-odirect-v1,ac6281f3c74243614c2779b5025d952cb0d4d247b55bb979846258d6ebf03e19,63ef625c7a9713ee555564f5ba3a211b10897e87616d3f7507d196bc6e386244,3040849c2ac0d828417e43810522bb8db5dc5c558f4f0dee7df50eb3cd256cdd,a0419a01095031fbe4ec00f92f55dfb6a54109fa4ea96d66ca36790e466c2c58,b92fae6ca12d310618d7bb738af1a11fcfe1af1d0a8fa843af640e89d0ab3a51,20260813,,,,True,True,4096,True,/home/msy2025/quantization_graph/results/disk_environment/.formal_runs/runs/formal_diskenv_20260826_043617_05a/05A_disk_quantizer_io/agnews/artifacts/test/PQ_4bit__payload_on_ssd__B2__c0__w1__r0.json
05a,agnews,PQ_4bit,payload_on_ssd,test,formal_diskenv_20260826_043617_05a,0,1,fixed_candidates_k40,rerank_candidates=40,40,,c0,1,0.9554,195.198883689,5107.35184,6857.094,9938.52,10999.549,0.9554,0.0131408316594,0.0226224462834,0.0508961538462,375.738304138,0,,,57327616,39.982,39.994,163815.424,4923.488126,180.111704,0,2.204955,0,0,40,,,,,,,1000,01_quantizer_fair,faiss::ProductQuantizer,05a-faiss-pq4-native-odirect-v1,ac6281f3c74243614c2779b5025d952cb0d4d247b55bb979846258d6ebf03e19,63ef625c7a9713ee555564f5ba3a211b10897e87616d3f7507d196bc6e386244,3040849c2ac0d828417e43810522bb8db5dc5c558f4f0dee7df50eb3cd256cdd,a0419a01095031fbe4ec00f92f55dfb6a54109fa4ea96d66ca36790e466c2c58,b92fae6ca12d310618d7bb738af1a11fcfe1af1d0a8fa843af640e89d0ab3a51,20260813,,,,True,True,4096,True,/home/msy2025/quantization_graph/results/disk_environment/.formal_runs/runs/formal_diskenv_20260826_043617_05a/05A_disk_quantizer_io/agnews/artifacts/test/PQ_4bit__payload_on_ssd__B2__c0__w1__r0.json
05a,agnews,PQ_4bit,payload_on_ssd,test,formal_diskenv_20260826_043617_05a,0,1,fixed_candidates_k50,rerank_candidates=50,50,,c0,1,0.9554,156.177898375,6391.539374,8742.24,11046.261,13149.068,0.9554,0.0121406277045,0.0221509601827,0.0513159183673,375.738304138,0,,,57327616,49.967,49.989,204754.944,6164.437245,222.5251,0,2.715488,0,0,50,,,,,,,1000,01_quantizer_fair,faiss::ProductQuantizer,05a-faiss-pq4-native-odirect-v1,ac6281f3c74243614c2779b5025d952cb0d4d247b55bb979846258d6ebf03e19,63ef625c7a9713ee555564f5ba3a211b10897e87616d3f7507d196bc6e386244,3040849c2ac0d828417e43810522bb8db5dc5c558f4f0dee7df50eb3cd256cdd,a0419a01095031fbe4ec00f92f55dfb6a54109fa4ea96d66ca36790e466c2c58,b92fae6ca12d310618d7bb738af1a11fcfe1af1d0a8fa843af640e89d0ab3a51,20260813,,,,True,True,4096,True,/home/msy2025/quantization_graph/results/disk_environment/.formal_runs/runs/formal_diskenv_20260826_043617_05a/05A_disk_quantizer_io/agnews/artifacts/test/PQ_4bit__payload_on_ssd__B2__c0__w1__r0.json
05a,agnews,PQ_4bit,payload_on_ssd,test,formal_diskenv_20260826_043617_05a,0,1,fixed_candidates_k60,rerank_candidates=60,60,,c0,1,0.9554,130.03902464,7678.181648,9632.963,10794.142,11903.651,0.9554,0.0114843649315,0.0218585359487,0.0519661016949,375.738304138,0,,,57327616,59.954,59.985,245698.56,7405.14381,267.665133,0,3.259417,0,0,60,,,,,,,1000,01_quantizer_fair,faiss::ProductQuantizer,05a-faiss-pq4-native-odirect-v1,ac6281f3c74243614c2779b5025d952cb0d4d247b55bb979846258d6ebf03e19,63ef625c7a9713ee555564f5ba3a211b10897e87616d3f7507d196bc6e386244,3040849c2ac0d828417e43810522bb8db5dc5c558f4f0dee7df50eb3cd256cdd,a0419a01095031fbe4ec00f92f55dfb6a54109fa4ea96d66ca36790e466c2c58,b92fae6ca12d310618d7bb738af1a11fcfe1af1d0a8fa843af640e89d0ab3a51,20260813,,,,True,True,4096,True,/home/msy2025/quantization_graph/results/disk_environment/.formal_runs/runs/formal_diskenv_20260826_043617_05a/05A_disk_quantizer_io/agnews/artifacts/test/PQ_4bit__payload_on_ssd__B2__c0__w1__r0.json
05a,agnews,PQ_4bit,payload_on_ssd,test,formal_diskenv_20260826_043617_05a,0,1,fixed_candidates_k70,rerank_candidates=70,70,,c0,1,0.9554,111.582739998,8950.55728,9897.412,12832.886,19892.557,0.9554,0.0110215002129,0.0217248852868,0.052150310559,375.738304138,0,,,57327616,69.941,69.98,286638.08,8631.655798,312.775052,0,3.651007,0,0,70,,,,,,,1000,01_quantizer_fair,faiss::ProductQuantizer,05a-faiss-pq4-native-odirect-v1,ac6281f3c74243614c2779b5025d952cb0d4d247b55bb979846258d6ebf03e19,63ef625c7a9713ee555564f5ba3a211b10897e87616d3f7507d196bc6e386244,3040849c2ac0d828417e43810522bb8db5dc5c558f4f0dee7df50eb3cd256cdd,a0419a01095031fbe4ec00f92f55dfb6a54109fa4ea96d66ca36790e466c2c58,b92fae6ca12d310618d7bb738af1a11fcfe1af1d0a8fa843af640e89d0ab3a51,20260813,,,,True,True,4096,True,/home/msy2025/quantization_graph/results/disk_environment/.formal_runs/runs/formal_diskenv_20260826_043617_05a/05A_disk_quantizer_io/agnews/artifacts/test/PQ_4bit__payload_on_ssd__B2__c0__w1__r0.json
05a,agnews,PQ_4bit,payload_on_ssd,test,formal_diskenv_20260826_043617_05a,0,1,fixed_candidates_k80,rerank_candidates=80,80,,c0,1,0.9554,97.570869353,10237.522686,10006.809,18819.33,19899.008,0.9554,0.0106601007614,0.0215459098429,0.0525882911392,375.738304138,0,,,57327616,79.925,79.973,327569.408,9873.273599,356.758766,0,4.543696,0,0,80,,,,,,,1000,01_quantizer_fair,faiss::ProductQuantizer,05a-faiss-pq4-native-odirect-v1,ac6281f3c74243614c2779b5025d952cb0d4d247b55bb979846258d6ebf03e19,63ef625c7a9713ee555564f5ba3a211b10897e87616d3f7507d196bc6e386244,3040849c2ac0d828417e43810522bb8db5dc5c558f4f0dee7df50eb3cd256cdd,a0419a01095031fbe4ec00f92f55dfb6a54109fa4ea96d66ca36790e466c2c58,b92fae6ca12d310618d7bb738af1a11fcfe1af1d0a8fa843af640e89d0ab3a51,20260813,,,,True,True,4096,True,/home/msy2025/quantization_graph/results/disk_environment/.formal_runs/runs/formal_diskenv_20260826_043617_05a/05A_disk_quantizer_io/agnews/artifacts/test/PQ_4bit__payload_on_ssd__B2__c0__w1__r0.json
05a,agnews,PQ_4bit,payload_on_ssd,test,formal_diskenv_20260826_043617_05a,0,1,fixed_candidates_k90,rerank_candidates=90,90,,c0,1,0.9554,86.6855047323,11523.845445,10061.957,19984.025,20201.2,0.9554,0.0103875880491,0.021495250716,0.0530367041199,375.738304138,0,,,57327616,89.896,89.962,368484.352,11112.997746,402.72042,0,5.021992,0,0,90,,,,,,,1000,01_quantizer_fair,faiss::ProductQuantizer,05a-faiss-pq4-native-odirect-v1,ac6281f3c74243614c2779b5025d952cb0d4d247b55bb979846258d6ebf03e19,63ef625c7a9713ee555564f5ba3a211b10897e87616d3f7507d196bc6e386244,3040849c2ac0d828417e43810522bb8db5dc5c558f4f0dee7df50eb3cd256cdd,a0419a01095031fbe4ec00f92f55dfb6a54109fa4ea96d66ca36790e466c2c58,b92fae6ca12d310618d7bb738af1a11fcfe1af1d0a8fa843af640e89d0ab3a51,20260813,,,,True,True,4096,True,/home/msy2025/quantization_graph/results/disk_environment/.formal_runs/runs/formal_diskenv_20260826_043617_05a/05A_disk_quantizer_io/agnews/artifacts/test/PQ_4bit__payload_on_ssd__B2__c0__w1__r0.json
05a,agnews,PQ_4bit,payload_on_ssd,test,formal_diskenv_20260826_043617_05a,0,1,fixed_candidates_k100,rerank_candidates=100,100,,c0,1,0.9554,78.1252283454,12787.870065,10135.832,20153.854,20385.898,0.9554,0.010162085442,0.0214133441875,0.0532507070707,375.738304138,0,,,57327616,99.876,99.955,409415.68,12334.232893,445.040766,0,5.418054,0,0,100,,,,,,,1000,01_quantizer_fair,faiss::ProductQuantizer,05a-faiss-pq4-native-odirect-v1,ac6281f3c74243614c2779b5025d952cb0d4d247b55bb979846258d6ebf03e19,63ef625c7a9713ee555564f5ba3a211b10897e87616d3f7507d196bc6e386244,3040849c2ac0d828417e43810522bb8db5dc5c558f4f0dee7df50eb3cd256cdd,a0419a01095031fbe4ec00f92f55dfb6a54109fa4ea96d66ca36790e466c2c58,b92fae6ca12d310618d7bb738af1a11fcfe1af1d0a8fa843af640e89d0ab3a51,20260813,,,,True,True,4096,True,/home/msy2025/quantization_graph/results/disk_environment/.formal_runs/runs/formal_diskenv_20260826_043617_05a/05A_disk_quantizer_io/agnews/artifacts/test/PQ_4bit__payload_on_ssd__B2__c0__w1__r0.json
05a,agnews,PQ_4bit,payload_on_ssd,test,formal_diskenv_20260826_043617_05a,0,1,fixed_candidates_k140,rerank_candidates=140,140,,c0,1,0.9554,55.7914797773,17910.865566,19877.102,20446.458,21045.637,0.9554,0.00960962451316,0.0211882792258,0.0532509090909,375.738304138,0,,,57327616,139.736,139.914,573087.744,17653.368329,241.985569,0,10.490623,0,0,140,,,,,,,1000,01_quantizer_fair,faiss::ProductQuantizer,05a-faiss-pq4-native-odirect-v1,ac6281f3c74243614c2779b5025d952cb0d4d247b55bb979846258d6ebf03e19,63ef625c7a9713ee555564f5ba3a211b10897e87616d3f7507d196bc6e386244,3040849c2ac0d828417e43810522bb8db5dc5c558f4f0dee7df50eb3cd256cdd,a0419a01095031fbe4ec00f92f55dfb6a54109fa4ea96d66ca36790e466c2c58,b92fae6ca12d310618d7bb738af1a11fcfe1af1d0a8fa843af640e89d0ab3a51,20260813,,,,True,True,4096,True,/home/msy2025/quantization_graph/results/disk_environment/.formal_runs/runs/formal_diskenv_20260826_043617_05a/05A_disk_quantizer_io/agnews/artifacts/test/PQ_4bit__payload_on_ssd__B2__c0__w1__r0.json
05a,agnews,PQ_4bit,payload_on_ssd,test,formal_diskenv_20260826_043617_05a,0,1,fixed_candidates_k180,rerank_candidates=180,180,,c0,1,0.9554,43.3900405617,23030.035429,21150.465,28947.423,29194.599,0.9554,0.00931710180002,0.0211205657229,0.0532509090909,375.738304138,0,,,57327616,179.566,179.863,736718.848,22756.886034,253.746291,0,13.024942,0,0,180,,,,,,,1000,01_quantizer_fair,faiss::ProductQuantizer,05a-faiss-pq4-native-odirect-v1,ac6281f3c74243614c2779b5025d952cb0d4d247b55bb979846258d6ebf03e19,63ef625c7a9713ee555564f5ba3a211b10897e87616d3f7507d196bc6e386244,3040849c2ac0d828417e43810522bb8db5dc5c558f4f0dee7df50eb3cd256cdd,a0419a01095031fbe4ec00f92f55dfb6a54109fa4ea96d66ca36790e466c2c58,b92fae6ca12d310618d7bb738af1a11fcfe1af1d0a8fa843af640e89d0ab3a51,20260813,,,,True,True,4096,True,/home/msy2025/quantization_graph/results/disk_environment/.formal_runs/runs/formal_diskenv_20260826_043617_05a/05A_disk_quantizer_io/agnews/artifacts/test/PQ_4bit__payload_on_ssd__B2__c0__w1__r0.json
05a,agnews,PQ_4bit,payload_on_ssd,test,formal_diskenv_20260826_043617_05a,0,1,fixed_candidates_k220,rerank_candidates=220,220,,c0,1,0.9554,35.5530201695,28113.438704,29906.89,31536.658,33504.647,0.9554,0.00915356699974,0.0211098370139,0.0532509090909,375.738304138,0,,,57327616,219.347,219.808,900333.568,27793.460354,294.928148,0,17.12526,0,0,220,,,,,,,1000,01_quantizer_fair,faiss::ProductQuantizer,05a-faiss-pq4-native-odirect-v1,ac6281f3c74243614c2779b5025d952cb0d4d247b55bb979846258d6ebf03e19,63ef625c7a9713ee555564f5ba3a211b10897e87616d3f7507d196bc6e386244,3040849c2ac0d828417e43810522bb8db5dc5c558f4f0dee7df50eb3cd256cdd,a0419a01095031fbe4ec00f92f55dfb6a54109fa4ea96d66ca36790e466c2c58,b92fae6ca12d310618d7bb738af1a11fcfe1af1d0a8fa843af640e89d0ab3a51,20260813,,,,True,True,4096,True,/home/msy2025/quantization_graph/results/disk_environment/.formal_runs/runs/formal_diskenv_20260826_043617_05a/05A_disk_quantizer_io/agnews/artifacts/test/PQ_4bit__payload_on_ssd__B2__c0__w1__r0.json
05a,agnews,PQ_4bit,payload_on_ssd,test,formal_diskenv_20260826_043617_05a,0,1,fixed_candidates_k260,rerank_candidates=260,260,,c0,1,0.9554,30.1114264033,33195.772976,30163.62,40199.901,40346.843,0.9554,0.00902330272124,0.0210962727535,0.0532509090909,375.738304138,0,,,57327616,259.084,259.72,1063813.12,32838.283956,326.576708,0,21.079024,0,0,260,,,,,,,1000,01_quantizer_fair,faiss::ProductQuantizer,05a-faiss-pq4-native-odirect-v1,ac6281f3c74243614c2779b5025d952cb0d4d247b55bb979846258d6ebf03e19,63ef625c7a9713ee555564f5ba3a211b10897e87616d3f7507d196bc6e386244,3040849c2ac0d828417e43810522bb8db5dc5c558f4f0dee7df50eb3cd256cdd,a0419a01095031fbe4ec00f92f55dfb6a54109fa4ea96d66ca36790e466c2c58,b92fae6ca12d310618d7bb738af1a11fcfe1af1d0a8fa843af640e89d0ab3a51,20260813,,,,True,True,4096,True,/home/msy2025/quantization_graph/results/disk_environment/.formal_runs/runs/formal_diskenv_20260826_043617_05a/05A_disk_quantizer_io/agnews/artifacts/test/PQ_4bit__payload_on_ssd__B2__c0__w1__r0.json
05a,agnews,PQ_4bit,payload_on_ssd,test,formal_diskenv_20260826_043617_05a,0,1,fixed_candidates_k300,rerank_candidates=300,300,,c0,1,0.9554,26.1081085769,38288.377119,39625.824,40351.161,41316.796,0.9554,0.00894357767419,0.0210970446833,0.0532509090909,375.738304138,0,,,57327616,298.744,299.613,1227214.848,37830.826851,418.391112,0,27.432137,0,0,300,,,,,,,1000,01_quantizer_fair,faiss::ProductQuantizer,05a-faiss-pq4-native-odirect-v1,ac6281f3c74243614c2779b5025d952cb0d4d247b55bb979846258d6ebf03e19,63ef625c7a9713ee555564f5ba3a211b10897e87616d3f7507d196bc6e386244,3040849c2ac0d828417e43810522bb8db5dc5c558f4f0dee7df50eb3cd256cdd,a0419a01095031fbe4ec00f92f55dfb6a54109fa4ea96d66ca36790e466c2c58,b92fae6ca12d310618d7bb738af1a11fcfe1af1d0a8fa843af640e89d0ab3a51,20260813,,,,True,True,4096,True,/home/msy2025/quantization_graph/results/disk_environment/.formal_runs/runs/formal_diskenv_20260826_043617_05a/05A_disk_quantizer_io/agnews/artifacts/test/PQ_4bit__payload_on_ssd__B2__c0__w1__r0.json
05a,agnews,PQ_4bit,payload_on_ssd,test,formal_diskenv_20260826_043617_05a,0,1,fixed_candidates_k340,rerank_candidates=340,340,,c0,1,0.9554,23.0500275429,43370.718598,40923.974,49936.063,50059.52,0.9554,0.00887475790815,0.0210789321293,0.0532509090909,375.738304138,0,,,57327616,338.344,339.491,1390555.136,42863.967619,461.339537,0,31.948033,0,0,340,,,,,,,1000,01_quantizer_fair,faiss::ProductQuantizer,05a-faiss-pq4-native-odirect-v1,ac6281f3c74243614c2779b5025d952cb0d4d247b55bb979846258d6ebf03e19,63ef625c7a9713ee555564f5ba3a211b10897e87616d3f7507d196bc6e386244,3040849c2ac0d828417e43810522bb8db5dc5c558f4f0dee7df50eb3cd256cdd,a0419a01095031fbe4ec00f92f55dfb6a54109fa4ea96d66ca36790e466c2c58,b92fae6ca12d310618d7bb738af1a11fcfe1af1d0a8fa843af640e89d0ab3a51,20260813,,,,True,True,4096,True,/home/msy2025/quantization_graph/results/disk_environment/.formal_runs/runs/formal_diskenv_20260826_043617_05a/05A_disk_quantizer_io/agnews/artifacts/test/PQ_4bit__payload_on_ssd__B2__c0__w1__r0.json
05a,agnews,PQ_4bit,payload_on_ssd,test,formal_diskenv_20260826_043617_05a,0,1,fixed_candidates_k380,rerank_candidates=380,380,,c0,1,0.9554,20.6351318958,48448.11687,49931.412,50325.369,51350.789,0.9554,0.00883199820975,0.0211064935214,0.0532509090909,375.738304138,0,,,57327616,377.899,379.364,1553874.944,47946.37032,449.716112,0,37.370269,0,0,380,,,,,,,1000,01_quantizer_fair,faiss::ProductQuantizer,05a-faiss-pq4-native-odirect-v1,ac6281f3c74243614c2779b5025d952cb0d4d247b55bb979846258d6ebf03e19,63ef625c7a9713ee555564f5ba3a211b10897e87616d3f7507d196bc6e386244,3040849c2ac0d828417e43810522bb8db5dc5c558f4f0dee7df50eb3cd256cdd,a0419a01095031fbe4ec00f92f55dfb6a54109fa4ea96d66ca36790e466c2c58,b92fae6ca12d310618d7bb738af1a11fcfe1af1d0a8fa843af640e89d0ab3a51,20260813,,,,True,True,4096,True,/home/msy2025/quantization_graph/results/disk_environment/.formal_runs/runs/formal_diskenv_20260826_043617_05a/05A_disk_quantizer_io/agnews/artifacts/test/PQ_4bit__payload_on_ssd__B2__c0__w1__r0.json
05a,agnews,PQ_4bit,payload_on_ssd,test,formal_diskenv_20260826_043617_05a,0,1,fixed_candidates_k420,rerank_candidates=420,420,,c0,1,0.9554,18.6787325291,53519.178243,51129.237,59863.312,60242.981,0.9554,0.0087917274736,0.0211068711359,0.0532509090909,375.738304138,0,,,57327616,417.411,419.217,1717112.832,53001.685426,457.863291,0,42.354093,0,0,420,,,,,,,1000,01_quantizer_fair,faiss::ProductQuantizer,05a-faiss-pq4-native-odirect-v1,ac6281f3c74243614c2779b5025d952cb0d4d247b55bb979846258d6ebf03e19,63ef625c7a9713ee555564f5ba3a211b10897e87616d3f7507d196bc6e386244,3040849c2ac0d828417e43810522bb8db5dc5c558f4f0dee7df50eb3cd256cdd,a0419a01095031fbe4ec00f92f55dfb6a54109fa4ea96d66ca36790e466c2c58,b92fae6ca12d310618d7bb738af1a11fcfe1af1d0a8fa843af640e89d0ab3a51,20260813,,,,True,True,4096,True,/home/msy2025/quantization_graph/results/disk_environment/.formal_runs/runs/formal_diskenv_20260826_043617_05a/05A_disk_quantizer_io/agnews/artifacts/test/PQ_4bit__payload_on_ssd__B2__c0__w1__r0.json
05a,agnews,PQ_4bit,payload_on_ssd,test,formal_diskenv_20260826_043617_05a,0,1,fixed_candidates_k460,rerank_candidates=460,460,,c0,1,0.9554,17.068861548,58570.015497,59801.87,60301.976,61924.488,0.9554,0.00876087487775,0.0211002862065,0.0532509090909,375.738304138,0,,,57327616,456.88,459.057,1880297.472,57991.044541,513.010606,0,47.084553,0,0,460,,,,,,,1000,01_quantizer_fair,faiss::ProductQuantizer,05a-faiss-pq4-native-odirect-v1,ac6281f3c74243614c2779b5025d952cb0d4d247b55bb979846258d6ebf03e19,63ef625c7a9713ee555564f5ba3a211b10897e87616d3f7507d196bc6e386244,3040849c2ac0d828417e43810522bb8db5dc5c558f4f0dee7df50eb3cd256cdd,a0419a01095031fbe4ec00f92f55dfb6a54109fa4ea96d66ca36790e466c2c58,b92fae6ca12d310618d7bb738af1a11fcfe1af1d0a8fa843af640e89d0ab3a51,20260813,,,,True,True,4096,True,/home/msy2025/quantization_graph/results/disk_environment/.formal_runs/runs/formal_diskenv_20260826_043617_05a/05A_disk_quantizer_io/agnews/artifacts/test/PQ_4bit__payload_on_ssd__B2__c0__w1__r0.json
05a,agnews,SQ_4bit,resident,test,formal_diskenv_20260826_043617_05a,0,1,fixed_candidates_k10,rerank_candidates=10,10,,c0,1,1,63218.3101468,15.639786,15.356,17.125,20.825,1,0.0881637645116,0.123917984344,0.0589333333333,375.683616638,393924608,,,442654720,0,0,0,0,14.379337,0,1.173171,0,0,10,,,,,,,1000,01_quantizer_fair,faiss::ScalarQuantizer(QT_4bit),05a-faiss-sq4-native-odirect-v1,ac6281f3c74243614c2779b5025d952cb0d4d247b55bb979846258d6ebf03e19,63ef625c7a9713ee555564f5ba3a211b10897e87616d3f7507d196bc6e386244,f270a9bd17e9e34487a9a09b6f0edb1ab513bca34292fe24b5171dc168cf9601,a0419a01095031fbe4ec00f92f55dfb6a54109fa4ea96d66ca36790e466c2c58,b92fae6ca12d310618d7bb738af1a11fcfe1af1d0a8fa843af640e89d0ab3a51,20260813,,,,False,False,4096,True,/home/msy2025/quantization_graph/results/disk_environment/.formal_runs/runs/formal_diskenv_20260826_043617_05a/05A_disk_quantizer_io/agnews/artifacts/test/SQ_4bit__resident__B2__c0__w1__r0.json
05a,agnews,SQ_4bit,resident,test,formal_diskenv_20260826_043617_05a,0,1,fixed_candidates_k11,rerank_candidates=11,11,,c0,1,0.9659,58706.1240702,16.879419,16.638,17.292,22.603,0.9659,0.0835402113832,0.11668152584,0.0587090909091,375.683616638,393924608,,,442654720,0,0,0,0,15.775591,0,1.015826,0,0,11,,,,,,,1000,01_quantizer_fair,faiss::ScalarQuantizer(QT_4bit),05a-faiss-sq4-native-odirect-v1,ac6281f3c74243614c2779b5025d952cb0d4d247b55bb979846258d6ebf03e19,63ef625c7a9713ee555564f5ba3a211b10897e87616d3f7507d196bc6e386244,f270a9bd17e9e34487a9a09b6f0edb1ab513bca34292fe24b5171dc168cf9601,a0419a01095031fbe4ec00f92f55dfb6a54109fa4ea96d66ca36790e466c2c58,b92fae6ca12d310618d7bb738af1a11fcfe1af1d0a8fa843af640e89d0ab3a51,20260813,,,,False,False,4096,True,/home/msy2025/quantization_graph/results/disk_environment/.formal_runs/runs/formal_diskenv_20260826_043617_05a/05A_disk_quantizer_io/agnews/artifacts/test/SQ_4bit__resident__B2__c0__w1__r0.json
05a,agnews,SQ_4bit,resident,test,formal_diskenv_20260826_043617_05a,0,1,fixed_candidates_k12,rerank_candidates=12,12,,c0,1,0.954,55309.1930461,17.92417,17.673,18.123,23.614,0.954,0.0795753857191,0.10934073266,0.0590757575758,375.683616638,393924608,,,442654720,0,0,0,0,17.10291,0,0.726685,0,0,12,,,,,,,1000,01_quantizer_fair,faiss::ScalarQuantizer(QT_4bit),05a-faiss-sq4-native-odirect-v1,ac6281f3c74243614c2779b5025d952cb0d4d247b55bb979846258d6ebf03e19,63ef625c7a9713ee555564f5ba3a211b10897e87616d3f7507d196bc6e386244,f270a9bd17e9e34487a9a09b6f0edb1ab513bca34292fe24b5171dc168cf9601,a0419a01095031fbe4ec00f92f55dfb6a54109fa4ea96d66ca36790e466c2c58,b92fae6ca12d310618d7bb738af1a11fcfe1af1d0a8fa843af640e89d0ab3a51,20260813,,,,False,False,4096,True,/home/msy2025/quantization_graph/results/disk_environment/.formal_runs/runs/formal_diskenv_20260826_043617_05a/05A_disk_quantizer_io/agnews/artifacts/test/SQ_4bit__resident__B2__c0__w1__r0.json
05a,agnews,SQ_4bit,resident,test,formal_diskenv_20260826_043617_05a,0,1,fixed_candidates_k13,rerank_candidates=13,13,,c0,1,0.9499,51249.5301699,19.358772,19.094,19.6,25.194,0.9499,0.0763043305378,0.104592677122,0.0581923076923,375.683616638,393924608,,,442654720,0,0,0,0,18.526201,0,0.743422,0,0,13,,,,,,,1000,01_quantizer_fair,faiss::ScalarQuantizer(QT_4bit),05a-faiss-sq4-native-odirect-v1,ac6281f3c74243614c2779b5025d952cb0d4d247b55bb979846258d6ebf03e19,63ef625c7a9713ee555564f5ba3a211b10897e87616d3f7507d196bc6e386244,f270a9bd17e9e34487a9a09b6f0edb1ab513bca34292fe24b5171dc168cf9601,a0419a01095031fbe4ec00f92f55dfb6a54109fa4ea96d66ca36790e466c2c58,b92fae6ca12d310618d7bb738af1a11fcfe1af1d0a8fa843af640e89d0ab3a51,20260813,,,,False,False,4096,True,/home/msy2025/quantization_graph/results/disk_environment/.formal_runs/runs/formal_diskenv_20260826_043617_05a/05A_disk_quantizer_io/agnews/artifacts/test/SQ_4bit__resident__B2__c0__w1__r0.json
05a,agnews,SQ_4bit,resident,test,formal_diskenv_20260826_043617_05a,0,1,fixed_candidates_k14,rerank_candidates=14,14,,c0,1,0.9479,47710.1194213,20.797721,20.531,21.061,26.238,0.9479,0.0733870002755,0.10078823972,0.0591868131868,375.683616638,393924608,,,442654720,0,0,0,0,19.913165,0,0.794964,0,0,14,,,,,,,1000,01_quantizer_fair,faiss::ScalarQuantizer(QT_4bit),05a-faiss-sq4-native-odirect-v1,ac6281f3c74243614c2779b5025d952cb0d4d247b55bb979846258d6ebf03e19,63ef625c7a9713ee555564f5ba3a211b10897e87616d3f7507d196bc6e386244,f270a9bd17e9e34487a9a09b6f0edb1ab513bca34292fe24b5171dc168cf9601,a0419a01095031fbe4ec00f92f55dfb6a54109fa4ea96d66ca36790e466c2c58,b92fae6ca12d310618d7bb738af1a11fcfe1af1d0a8fa843af640e89d0ab3a51,20260813,,,,False,False,4096,True,/home/msy2025/quantization_graph/results/disk_environment/.formal_runs/runs/formal_diskenv_20260826_043617_05a/05A_disk_quantizer_io/agnews/artifacts/test/SQ_4bit__resident__B2__c0__w1__r0.json
05a,agnews,SQ_4bit,resident,test,formal_diskenv_20260826_043617_05a,0,1,fixed_candidates_k15,rerank_candidates=15,15,,c0,1,0.9468,44617.9169224,22.254199,21.964,22.816,27.881,0.9468,0.0708619264486,0.0969666010973,0.0592761904762,375.683616638,393924608,,,442654720,0,0,0,0,21.349149,0,0.814398,0,0,15,,,,,,,1000,01_quantizer_fair,faiss::ScalarQuantizer(QT_4bit),05a-faiss-sq4-native-odirect-v1,ac6281f3c74243614c2779b5025d952cb0d4d247b55bb979846258d6ebf03e19,63ef625c7a9713ee555564f5ba3a211b10897e87616d3f7507d196bc6e386244,f270a9bd17e9e34487a9a09b6f0edb1ab513bca34292fe24b5171dc168cf9601,a0419a01095031fbe4ec00f92f55dfb6a54109fa4ea96d66ca36790e466c2c58,b92fae6ca12d310618d7bb738af1a11fcfe1af1d0a8fa843af640e89d0ab3a51,20260813,,,,False,False,4096,True,/home/msy2025/quantization_graph/results/disk_environment/.formal_runs/runs/formal_diskenv_20260826_043617_05a/05A_disk_quantizer_io/agnews/artifacts/test/SQ_4bit__resident__B2__c0__w1__r0.json
05a,agnews,SQ_4bit,resident,test,formal_diskenv_20260826_043617_05a,0,1,fixed_candidates_k16,rerank_candidates=16,16,,c0,1,0.9465,41859.551994,23.715682,23.379,26.087,29.377,0.9465,0.0686002362412,0.0932367990553,0.0602333333333,375.683616638,393924608,,,442654720,0,0,0,0,22.739562,0,0.885218,0,0,16,,,,,,,1000,01_quantizer_fair,faiss::ScalarQuantizer(QT_4bit),05a-faiss-sq4-native-odirect-v1,ac6281f3c74243614c2779b5025d952cb0d4d247b55bb979846258d6ebf03e19,63ef625c7a9713ee555564f5ba3a211b10897e87616d3f7507d196bc6e386244,f270a9bd17e9e34487a9a09b6f0edb1ab513bca34292fe24b5171dc168cf9601,a0419a01095031fbe4ec00f92f55dfb6a54109fa4ea96d66ca36790e466c2c58,b92fae6ca12d310618d7bb738af1a11fcfe1af1d0a8fa843af640e89d0ab3a51,20260813,,,,False,False,4096,True,/home/msy2025/quantization_graph/results/disk_environment/.formal_runs/runs/formal_diskenv_20260826_043617_05a/05A_disk_quantizer_io/agnews/artifacts/test/SQ_4bit__resident__B2__c0__w1__r0.json
05a,agnews,SQ_4bit,resident,test,formal_diskenv_20260826_043617_05a,0,1,fixed_candidates_k17,rerank_candidates=17,17,,c0,1,0.9464,39569.966269,25.114212,24.803,28.275,30.414,0.9464,0.0666201637672,0.0907245777733,0.0603088235294,375.683616638,393924608,,,442654720,0,0,0,0,24.175828,0,0.846741,0,0,17,,,,,,,1000,01_quantizer_fair,faiss::ScalarQuantizer(QT_4bit),05a-faiss-sq4-native-odirect-v1,ac6281f3c74243614c2779b5025d952cb0d4d247b55bb979846258d6ebf03e19,63ef625c7a9713ee555564f5ba3a211b10897e87616d3f7507d196bc6e386244,f270a9bd17e9e34487a9a09b6f0edb1ab513bca34292fe24b5171dc168cf9601,a0419a01095031fbe4ec00f92f55dfb6a54109fa4ea96d66ca36790e466c2c58,b92fae6ca12d310618d7bb738af1a11fcfe1af1d0a8fa843af640e89d0ab3a51,20260813,,,,False,False,4096,True,/home/msy2025/quantization_graph/results/disk_environment/.formal_runs/runs/formal_diskenv_20260826_043617_05a/05A_disk_quantizer_io/agnews/artifacts/test/SQ_4bit__resident__B2__c0__w1__r0.json
05a,agnews,SQ_4bit,resident,test,formal_diskenv_20260826_043617_05a,0,1,fixed_candidates_k18,rerank_candidates=18,18,,c0,1,0.9462,37429.3787161,26.557786,26.27,30.381,31.958,0.9462,0.0648693330293,0.0885590735327,0.0603986928105,375.683616638,393924608,,,442654720,0,0,0,0,25.574296,0,0.891083,0,0,18,,,,,,,1000,01_quantizer_fair,faiss::ScalarQuantizer(QT_4bit),05a-faiss-sq4-native-odirect-v1,ac6281f3c74243614c2779b5025d952cb0d4d247b55bb979846258d6ebf03e19,63ef625c7a9713ee555564f5ba3a211b10897e87616d3f7507d196bc6e386244,f270a9bd17e9e34487a9a09b6f0edb1ab513bca34292fe24b5171dc168cf9601,a0419a01095031fbe4ec00f92f55dfb6a54109fa4ea96d66ca36790e466c2c58,b92fae6ca12d310618d7bb738af1a11fcfe1af1d0a8fa843af640e89d0ab3a51,20260813,,,,False,False,4096,True,/home/msy2025/quantization_graph/results/disk_environment/.formal_runs/runs/formal_diskenv_20260826_043617_05a/05A_disk_quantizer_io/agnews/artifacts/test/SQ_4bit__resident__B2__c0__w1__r0.json
05a,agnews,SQ_4bit,resident,test,formal_diskenv_20260826_043617_05a,0,1,fixed_candidates_k19,rerank_candidates=19,19,,c0,1,0.946,35430.7247663,28.056617,27.72,31.95,33.732,0.946,0.0632592143832,0.0860619558123,0.0610935672515,375.683616638,393924608,,,442654720,0,0,0,0,27.008801,0,0.954549,0,0,19,,,,,,,1000,01_quantizer_fair,faiss::ScalarQuantizer(QT_4bit),05a-faiss-sq4-native-odirect-v1,ac6281f3c74243614c2779b5025d952cb0d4d247b55bb979846258d6ebf03e19,63ef625c7a9713ee555564f5ba3a211b10897e87616d3f7507d196bc6e386244,f270a9bd17e9e34487a9a09b6f0edb1ab513bca34292fe24b5171dc168cf9601,a0419a01095031fbe4ec00f92f55dfb6a54109fa4ea96d66ca36790e466c2c58,b92fae6ca12d310618d7bb738af1a11fcfe1af1d0a8fa843af640e89d0ab3a51,20260813,,,,False,False,4096,True,/home/msy2025/quantization_graph/results/disk_environment/.formal_runs/runs/formal_diskenv_20260826_043617_05a/05A_disk_quantizer_io/agnews/artifacts/test/SQ_4bit__resident__B2__c0__w1__r0.json
05a,agnews,SQ_4bit,resident,test,formal_diskenv_20260826_043617_05a,0,1,fixed_candidates_k20,rerank_candidates=20,20,,c0,1,0.9459,33681.6612146,29.529797,29.19,33.297,35.232,0.9459,0.0617928385941,0.0844042223753,0.0614052631579,375.683616638,393924608,,,442654720,0,0,0,0,28.415301,0,1.014104,0,0,20,,,,,,,1000,01_quantizer_fair,faiss::ScalarQuantizer(QT_4bit),05a-faiss-sq4-native-odirect-v1,ac6281f3c74243614c2779b5025d952cb0d4d247b55bb979846258d6ebf03e19,63ef625c7a9713ee555564f5ba3a211b10897e87616d3f7507d196bc6e386244,f270a9bd17e9e34487a9a09b6f0edb1ab513bca34292fe24b5171dc168cf9601,a0419a01095031fbe4ec00f92f55dfb6a54109fa4ea96d66ca36790e466c2c58,b92fae6ca12d310618d7bb738af1a11fcfe1af1d0a8fa843af640e89d0ab3a51,20260813,,,,False,False,4096,True,/home/msy2025/quantization_graph/results/disk_environment/.formal_runs/runs/formal_diskenv_20260826_043617_05a/05A_disk_quantizer_io/agnews/artifacts/test/SQ_4bit__resident__B2__c0__w1__r0.json
05a,agnews,SQ_4bit,resident,test,formal_diskenv_20260826_043617_05a,0,1,fixed_candidates_k21,rerank_candidates=21,21,,c0,1,0.9457,32109.3361427,30.98122,30.652,34.693,36.297,0.9457,0.0604102843212,0.0827320781294,0.0619523809524,375.683616638,393924608,,,442654720,0,0,0,0,29.817142,0,1.069497,0,0,21,,,,,,,1000,01_quantizer_fair,faiss::ScalarQuantizer(QT_4bit),05a-faiss-sq4-native-odirect-v1,ac6281f3c74243614c2779b5025d952cb0d4d247b55bb979846258d6ebf03e19,63ef625c7a9713ee555564f5ba3a211b10897e87616d3f7507d196bc6e386244,f270a9bd17e9e34487a9a09b6f0edb1ab513bca34292fe24b5171dc168cf9601,a0419a01095031fbe4ec00f92f55dfb6a54109fa4ea96d66ca36790e466c2c58,b92fae6ca12d310618d7bb738af1a11fcfe1af1d0a8fa843af640e89d0ab3a51,20260813,,,,False,False,4096,True,/home/msy2025/quantization_graph/results/disk_environment/.formal_runs/runs/formal_diskenv_20260826_043617_05a/05A_disk_quantizer_io/agnews/artifacts/test/SQ_4bit__resident__B2__c0__w1__r0.json
05a,agnews,SQ_4bit,resident,test,formal_diskenv_20260826_043617_05a,0,1,fixed_candidates_k22,rerank_candidates=22,22,,c0,1,0.9457,30742.1804881,32.360392,32.03,36.137,37.571,0.9457,0.0591696797491,0.080793517211,0.0619826839827,375.683616638,393924608,,,442654720,0,0,0,0,31.220837,0,1.040218,0,0,22,,,,,,,1000,01_quantizer_fair,faiss::ScalarQuantizer(QT_4bit),05a-faiss-sq4-native-odirect-v1,ac6281f3c74243614c2779b5025d952cb0d4d247b55bb979846258d6ebf03e19,63ef625c7a9713ee555564f5ba3a211b10897e87616d3f7507d196bc6e386244,f270a9bd17e9e34487a9a09b6f0edb1ab513bca34292fe24b5171dc168cf9601,a0419a01095031fbe4ec00f92f55dfb6a54109fa4ea96d66ca36790e466c2c58,b92fae6ca12d310618d7bb738af1a11fcfe1af1d0a8fa843af640e89d0ab3a51,20260813,,,,False,False,4096,True,/home/msy2025/quantization_graph/results/disk_environment/.formal_runs/runs/formal_diskenv_20260826_043617_05a/05A_disk_quantizer_io/agnews/artifacts/test/SQ_4bit__resident__B2__c0__w1__r0.json
05a,agnews,SQ_4bit,resident,test,formal_diskenv_20260826_043617_05a,0,1,fixed_candidates_k23,rerank_candidates=23,23,,c0,1,0.9457,29441.3836037,33.79745,33.447,37.629,38.987,0.9457,0.0580443817902,0.0793503326772,0.0616877470356,375.683616638,393924608,,,442654720,0,0,0,0,32.63136,0,1.068495,0,0,23,,,,,,,1000,01_quantizer_fair,faiss::ScalarQuantizer(QT_4bit),05a-faiss-sq4-native-odirect-v1,ac6281f3c74243614c2779b5025d952cb0d4d247b55bb979846258d6ebf03e19,63ef625c7a9713ee555564f5ba3a211b10897e87616d3f7507d196bc6e386244,f270a9bd17e9e34487a9a09b6f0edb1ab513bca34292fe24b5171dc168cf9601,a0419a01095031fbe4ec00f92f55dfb6a54109fa4ea96d66ca36790e466c2c58,b92fae6ca12d310618d7bb738af1a11fcfe1af1d0a8fa843af640e89d0ab3a51,20260813,,,,False,False,4096,True,/home/msy2025/quantization_graph/results/disk_environment/.formal_runs/runs/formal_diskenv_20260826_043617_05a/05A_disk_quantizer_io/agnews/artifacts/test/SQ_4bit__resident__B2__c0__w1__r0.json
05a,agnews,SQ_4bit,resident,test,formal_diskenv_20260826_043617_05a,0,1,fixed_candidates_k24,rerank_candidates=24,24,,c0,1,0.9457,28250.8244933,35.227951,34.888,38.916,40.507,0.9457,0.0569776380935,0.0782934309859,0.0618768115942,375.683616638,393924608,,,442654720,0,0,0,0,34.040413,0,1.089573,0,0,24,,,,,,,1000,01_quantizer_fair,faiss::ScalarQuantizer(QT_4bit),05a-faiss-sq4-native-odirect-v1,ac6281f3c74243614c2779b5025d952cb0d4d247b55bb979846258d6ebf03e19,63ef625c7a9713ee555564f5ba3a211b10897e87616d3f7507d196bc6e386244,f270a9bd17e9e34487a9a09b6f0edb1ab513bca34292fe24b5171dc168cf9601,a0419a01095031fbe4ec00f92f55dfb6a54109fa4ea96d66ca36790e466c2c58,b92fae6ca12d310618d7bb738af1a11fcfe1af1d0a8fa843af640e89d0ab3a51,20260813,,,,False,False,4096,True,/home/msy2025/quantization_graph/results/disk_environment/.formal_runs/runs/formal_diskenv_20260826_043617_05a/05A_disk_quantizer_io/agnews/artifacts/test/SQ_4bit__resident__B2__c0__w1__r0.json
05a,agnews,SQ_4bit,resident,test,formal_diskenv_20260826_043617_05a,0,1,fixed_candidates_k25,rerank_candidates=25,25,,c0,1,0.9457,27084.5582889,36.748467,36.367,40.568,42.045,0.9457,0.0560150890438,0.07738229602,0.0618466666667,375.683616638,393924608,,,442654720,0,0,0,0,35.464291,0,1.180495,0,0,25,,,,,,,1000,01_quantizer_fair,faiss::ScalarQuantizer(QT_4bit),05a-faiss-sq4-native-odirect-v1,ac6281f3c74243614c2779b5025d952cb0d4d247b55bb979846258d6ebf03e19,63ef625c7a9713ee555564f5ba3a211b10897e87616d3f7507d196bc6e386244,f270a9bd17e9e34487a9a09b6f0edb1ab513bca34292fe24b5171dc168cf9601,a0419a01095031fbe4ec00f92f55dfb6a54109fa4ea96d66ca36790e466c2c58,b92fae6ca12d310618d7bb738af1a11fcfe1af1d0a8fa843af640e89d0ab3a51,20260813,,,,False,False,4096,True,/home/msy2025/quantization_graph/results/disk_environment/.formal_runs/runs/formal_diskenv_20260826_043617_05a/05A_disk_quantizer_io/agnews/artifacts/test/SQ_4bit__resident__B2__c0__w1__r0.json
05a,agnews,SQ_4bit,resident,test,formal_diskenv_20260826_043617_05a,0,1,fixed_candidates_k26,rerank_candidates=26,26,,c0,1,0.9457,26092.5702815,38.153914,37.785,41.924,43.24,0.9457,0.0551257037853,0.0765592444956,0.0616584615385,375.683616638,393924608,,,442654720,0,0,0,0,36.869582,0,1.184742,0,0,26,,,,,,,1000,01_quantizer_fair,faiss::ScalarQuantizer(QT_4bit),05a-faiss-sq4-native-odirect-v1,ac6281f3c74243614c2779b5025d952cb0d4d247b55bb979846258d6ebf03e19,63ef625c7a9713ee555564f5ba3a211b10897e87616d3f7507d196bc6e386244,f270a9bd17e9e34487a9a09b6f0edb1ab513bca34292fe24b5171dc168cf9601,a0419a01095031fbe4ec00f92f55dfb6a54109fa4ea96d66ca36790e466c2c58,b92fae6ca12d310618d7bb738af1a11fcfe1af1d0a8fa843af640e89d0ab3a51,20260813,,,,False,False,4096,True,/home/msy2025/quantization_graph/results/disk_environment/.formal_runs/runs/formal_diskenv_20260826_043617_05a/05A_disk_quantizer_io/agnews/artifacts/test/SQ_4bit__resident__B2__c0__w1__r0.json
05a,agnews,SQ_4bit,resident,test,formal_diskenv_20260826_043617_05a,0,1,fixed_candidates_k27,rerank_candidates=27,27,,c0,1,0.9457,25141.1246751,39.599204,39.194,43.358,45.391,0.9457,0.0542985731916,0.0754284709145,0.0614387464387,375.683616638,393924608,,,442654720,0,0,0,0,38.289683,0,1.210259,0,0,27,,,,,,,1000,01_quantizer_fair,faiss::ScalarQuantizer(QT_4bit),05a-faiss-sq4-native-odirect-v1,ac6281f3c74243614c2779b5025d952cb0d4d247b55bb979846258d6ebf03e19,63ef625c7a9713ee555564f5ba3a211b10897e87616d3f7507d196bc6e386244,f270a9bd17e9e34487a9a09b6f0edb1ab513bca34292fe24b5171dc168cf9601,a0419a01095031fbe4ec00f92f55dfb6a54109fa4ea96d66ca36790e466c2c58,b92fae6ca12d310618d7bb738af1a11fcfe1af1d0a8fa843af640e89d0ab3a51,20260813,,,,False,False,4096,True,/home/msy2025/quantization_graph/results/disk_environment/.formal_runs/runs/formal_diskenv_20260826_043617_05a/05A_disk_quantizer_io/agnews/artifacts/test/SQ_4bit__resident__B2__c0__w1__r0.json
05a,agnews,SQ_4bit,resident,test,formal_diskenv_20260826_043617_05a,0,1,fixed_candidates_k28,rerank_candidates=28,28,,c0,1,0.9457,24224.2897923,41.099285,40.695,44.701,46.593,0.9457,0.0534969657599,0.0745615000305,0.0615026455026,375.683616638,393924608,,,442654720,0,0,0,0,39.702321,0,1.296575,0,0,28,,,,,,,1000,01_quantizer_fair,faiss::ScalarQuantizer(QT_4bit),05a-faiss-sq4-native-odirect-v1,ac6281f3c74243614c2779b5025d952cb0d4d247b55bb979846258d6ebf03e19,63ef625c7a9713ee555564f5ba3a211b10897e87616d3f7507d196bc6e386244,f270a9bd17e9e34487a9a09b6f0edb1ab513bca34292fe24b5171dc168cf9601,a0419a01095031fbe4ec00f92f55dfb6a54109fa4ea96d66ca36790e466c2c58,b92fae6ca12d310618d7bb738af1a11fcfe1af1d0a8fa843af640e89d0ab3a51,20260813,,,,False,False,4096,True,/home/msy2025/quantization_graph/results/disk_environment/.formal_runs/runs/formal_diskenv_20260826_043617_05a/05A_disk_quantizer_io/agnews/artifacts/test/SQ_4bit__resident__B2__c0__w1__r0.json
05a,agnews,SQ_4bit,resident,test,formal_diskenv_20260826_043617_05a,0,1,fixed_candidates_k29,rerank_candidates=29,29,,c0,1,0.9457,23343.6490475,42.664147,42.245,46.415,48.022,0.9457,0.0527602957502,0.0738245369236,0.0614162561576,375.683616638,393924608,,,442654720,0,0,0,0,41.137412,0,1.4254,0,0,29,,,,,,,1000,01_quantizer_fair,faiss::ScalarQuantizer(QT_4bit),05a-faiss-sq4-native-odirect-v1,ac6281f3c74243614c2779b5025d952cb0d4d247b55bb979846258d6ebf03e19,63ef625c7a9713ee555564f5ba3a211b10897e87616d3f7507d196bc6e386244,f270a9bd17e9e34487a9a09b6f0edb1ab513bca34292fe24b5171dc168cf9601,a0419a01095031fbe4ec00f92f55dfb6a54109fa4ea96d66ca36790e466c2c58,b92fae6ca12d310618d7bb738af1a11fcfe1af1d0a8fa843af640e89d0ab3a51,20260813,,,,False,False,4096,True,/home/msy2025/quantization_graph/results/disk_environment/.formal_runs/runs/formal_diskenv_20260826_043617_05a/05A_disk_quantizer_io/agnews/artifacts/test/SQ_4bit__resident__B2__c0__w1__r0.json
05a,agnews,SQ_4bit,resident,test,formal_diskenv_20260826_043617_05a,0,1,fixed_candidates_k30,rerank_candidates=30,30,,c0,1,0.9457,22619.0871755,44.035571,43.616,47.779,49.058,0.9457,0.0520568332117,0.0730041923213,0.0615379310345,375.683616638,393924608,,,442654720,0,0,0,0,42.540827,0,1.391318,0,0,30,,,,,,,1000,01_quantizer_fair,faiss::ScalarQuantizer(QT_4bit),05a-faiss-sq4-native-odirect-v1,ac6281f3c74243614c2779b5025d952cb0d4d247b55bb979846258d6ebf03e19,63ef625c7a9713ee555564f5ba3a211b10897e87616d3f7507d196bc6e386244,f270a9bd17e9e34487a9a09b6f0edb1ab513bca34292fe24b5171dc168cf9601,a0419a01095031fbe4ec00f92f55dfb6a54109fa4ea96d66ca36790e466c2c58,b92fae6ca12d310618d7bb738af1a11fcfe1af1d0a8fa843af640e89d0ab3a51,20260813,,,,False,False,4096,True,/home/msy2025/quantization_graph/results/disk_environment/.formal_runs/runs/formal_diskenv_20260826_043617_05a/05A_disk_quantizer_io/agnews/artifacts/test/SQ_4bit__resident__B2__c0__w1__r0.json
05a,agnews,SQ_4bit,resident,test,formal_diskenv_20260826_043617_05a,0,1,fixed_candidates_k40,rerank_candidates=40,40,,c0,1,0.9457,16932.5939005,58.873701,58.282,62.665,65.332,0.9457,0.0468117494662,0.0671228974173,0.0616730769231,375.683616638,393924608,,,442654720,0,0,0,0,56.663467,0,2.0942,0,0,40,,,,,,,1000,01_quantizer_fair,faiss::ScalarQuantizer(QT_4bit),05a-faiss-sq4-native-odirect-v1,ac6281f3c74243614c2779b5025d952cb0d4d247b55bb979846258d6ebf03e19,63ef625c7a9713ee555564f5ba3a211b10897e87616d3f7507d196bc6e386244,f270a9bd17e9e34487a9a09b6f0edb1ab513bca34292fe24b5171dc168cf9601,a0419a01095031fbe4ec00f92f55dfb6a54109fa4ea96d66ca36790e466c2c58,b92fae6ca12d310618d7bb738af1a11fcfe1af1d0a8fa843af640e89d0ab3a51,20260813,,,,False,False,4096,True,/home/msy2025/quantization_graph/results/disk_environment/.formal_runs/runs/formal_diskenv_20260826_043617_05a/05A_disk_quantizer_io/agnews/artifacts/test/SQ_4bit__resident__B2__c0__w1__r0.json
05a,agnews,SQ_4bit,resident,test,formal_diskenv_20260826_043617_05a,0,1,fixed_candidates_k50,rerank_candidates=50,50,,c0,1,0.9457,13534.4111931,73.682931,72.966,77.75,79.929,0.9457,0.0434863852268,0.0635131856622,0.0622840816327,375.683616638,393924608,,,442654720,0,0,0,0,70.835446,0,2.714859,0,0,50,,,,,,,1000,01_quantizer_fair,faiss::ScalarQuantizer(QT_4bit),05a-faiss-sq4-native-odirect-v1,ac6281f3c74243614c2779b5025d952cb0d4d247b55bb979846258d6ebf03e19,63ef625c7a9713ee555564f5ba3a211b10897e87616d3f7507d196bc6e386244,f270a9bd17e9e34487a9a09b6f0edb1ab513bca34292fe24b5171dc168cf9601,a0419a01095031fbe4ec00f92f55dfb6a54109fa4ea96d66ca36790e466c2c58,b92fae6ca12d310618d7bb738af1a11fcfe1af1d0a8fa843af640e89d0ab3a51,20260813,,,,False,False,4096,True,/home/msy2025/quantization_graph/results/disk_environment/.formal_runs/runs/formal_diskenv_20260826_043617_05a/05A_disk_quantizer_io/agnews/artifacts/test/SQ_4bit__resident__B2__c0__w1__r0.json
05a,agnews,SQ_4bit,resident,test,formal_diskenv_20260826_043617_05a,0,1,fixed_candidates_k60,rerank_candidates=60,60,,c0,1,0.9457,11313.6141188,88.168764,87.42,91.836,95.582,0.9457,0.0411617077245,0.0609486303917,0.0627220338983,375.683616638,393924608,,,442654720,0,0,0,0,84.946974,0,3.091819,0,0,60,,,,,,,1000,01_quantizer_fair,faiss::ScalarQuantizer(QT_4bit),05a-faiss-sq4-native-odirect-v1,ac6281f3c74243614c2779b5025d952cb0d4d247b55bb979846258d6ebf03e19,63ef625c7a9713ee555564f5ba3a211b10897e87616d3f7507d196bc6e386244,f270a9bd17e9e34487a9a09b6f0edb1ab513bca34292fe24b5171dc168cf9601,a0419a01095031fbe4ec00f92f55dfb6a54109fa4ea96d66ca36790e466c2c58,b92fae6ca12d310618d7bb738af1a11fcfe1af1d0a8fa843af640e89d0ab3a51,20260813,,,,False,False,4096,True,/home/msy2025/quantization_graph/results/disk_environment/.formal_runs/runs/formal_diskenv_20260826_043617_05a/05A_disk_quantizer_io/agnews/artifacts/test/SQ_4bit__resident__B2__c0__w1__r0.json
05a,agnews,SQ_4bit,resident,test,formal_diskenv_20260826_043617_05a,0,1,fixed_candidates_k70,rerank_candidates=70,70,,c0,1,0.9457,9679.53658173,103.078005,102.097,107.091,111.978,0.9457,0.0394217098771,0.0590538309288,0.062949068323,375.683616638,393924608,,,442654720,0,0,0,0,99.18867,0,3.737044,0,0,70,,,,,,,1000,01_quantizer_fair,faiss::ScalarQuantizer(QT_4bit),05a-faiss-sq4-native-odirect-v1,ac6281f3c74243614c2779b5025d952cb0d4d247b55bb979846258d6ebf03e19,63ef625c7a9713ee555564f5ba3a211b10897e87616d3f7507d196bc6e386244,f270a9bd17e9e34487a9a09b6f0edb1ab513bca34292fe24b5171dc168cf9601,a0419a01095031fbe4ec00f92f55dfb6a54109fa4ea96d66ca36790e466c2c58,b92fae6ca12d310618d7bb738af1a11fcfe1af1d0a8fa843af640e89d0ab3a51,20260813,,,,False,False,4096,True,/home/msy2025/quantization_graph/results/disk_environment/.formal_runs/runs/formal_diskenv_20260826_043617_05a/05A_disk_quantizer_io/agnews/artifacts/test/SQ_4bit__resident__B2__c0__w1__r0.json
05a,agnews,SQ_4bit,resident,test,formal_diskenv_20260826_043617_05a,0,1,fixed_candidates_k80,rerank_candidates=80,80,,c0,1,0.9457,8488.6953455,117.575842,116.587,121.53,126.414,0.9457,0.0380639389402,0.0576995201585,0.0632487341772,375.683616638,393924608,,,442654720,0,0,0,0,113.236946,0,4.179939,0,0,80,,,,,,,1000,01_quantizer_fair,faiss::ScalarQuantizer(QT_4bit),05a-faiss-sq4-native-odirect-v1,ac6281f3c74243614c2779b5025d952cb0d4d247b55bb979846258d6ebf03e19,63ef625c7a9713ee555564f5ba3a211b10897e87616d3f7507d196bc6e386244,f270a9bd17e9e34487a9a09b6f0edb1ab513bca34292fe24b5171dc168cf9601,a0419a01095031fbe4ec00f92f55dfb6a54109fa4ea96d66ca36790e466c2c58,b92fae6ca12d310618d7bb738af1a11fcfe1af1d0a8fa843af640e89d0ab3a51,20260813,,,,False,False,4096,True,/home/msy2025/quantization_graph/results/disk_environment/.formal_runs/runs/formal_diskenv_20260826_043617_05a/05A_disk_quantizer_io/agnews/artifacts/test/SQ_4bit__resident__B2__c0__w1__r0.json
05a,agnews,SQ_4bit,resident,test,formal_diskenv_20260826_043617_05a,0,1,fixed_candidates_k90,rerank_candidates=90,90,,c0,1,0.9457,7481.35881047,133.411814,132.895,138.144,143.043,0.9457,0.0369501746651,0.0564305169174,0.063663670412,375.683616638,393924608,,,442654720,0,0,0,0,127.514517,0,5.723578,0,0,90,,,,,,,1000,01_quantizer_fair,faiss::ScalarQuantizer(QT_4bit),05a-faiss-sq4-native-odirect-v1,ac6281f3c74243614c2779b5025d952cb0d4d247b55bb979846258d6ebf03e19,63ef625c7a9713ee555564f5ba3a211b10897e87616d3f7507d196bc6e386244,f270a9bd17e9e34487a9a09b6f0edb1ab513bca34292fe24b5171dc168cf9601,a0419a01095031fbe4ec00f92f55dfb6a54109fa4ea96d66ca36790e466c2c58,b92fae6ca12d310618d7bb738af1a11fcfe1af1d0a8fa843af640e89d0ab3a51,20260813,,,,False,False,4096,True,/home/msy2025/quantization_graph/results/disk_environment/.formal_runs/runs/formal_diskenv_20260826_043617_05a/05A_disk_quantizer_io/agnews/artifacts/test/SQ_4bit__resident__B2__c0__w1__r0.json
05a,agnews,SQ_4bit,resident,test,formal_diskenv_20260826_043617_05a,0,1,fixed_candidates_k100,rerank_candidates=100,100,,c0,1,0.9457,6713.9190499,148.666473,147.385,153.221,159.038,0.9457,0.0360401011653,0.0554706407323,0.0636993939394,375.683616638,393924608,,,442654720,0,0,0,0,141.653575,0,6.851545,0,0,100,,,,,,,1000,01_quantizer_fair,faiss::ScalarQuantizer(QT_4bit),05a-faiss-sq4-native-odirect-v1,ac6281f3c74243614c2779b5025d952cb0d4d247b55bb979846258d6ebf03e19,63ef625c7a9713ee555564f5ba3a211b10897e87616d3f7507d196bc6e386244,f270a9bd17e9e34487a9a09b6f0edb1ab513bca34292fe24b5171dc168cf9601,a0419a01095031fbe4ec00f92f55dfb6a54109fa4ea96d66ca36790e466c2c58,b92fae6ca12d310618d7bb738af1a11fcfe1af1d0a8fa843af640e89d0ab3a51,20260813,,,,False,False,4096,True,/home/msy2025/quantization_graph/results/disk_environment/.formal_runs/runs/formal_diskenv_20260826_043617_05a/05A_disk_quantizer_io/agnews/artifacts/test/SQ_4bit__resident__B2__c0__w1__r0.json
05a,agnews,SQ_4bit,resident,test,formal_diskenv_20260826_043617_05a,0,1,fixed_candidates_k140,rerank_candidates=140,140,,c0,1,0.9457,4794.46824227,208.270724,206.778,212.585,218.683,0.9457,0.0335207665071,0.0527310839953,0.0637002020202,375.683616638,393924608,,,442654720,0,0,0,0,198.340911,0,9.758006,0,0,140,,,,,,,1000,01_quantizer_fair,faiss::ScalarQuantizer(QT_4bit),05a-faiss-sq4-native-odirect-v1,ac6281f3c74243614c2779b5025d952cb0d4d247b55bb979846258d6ebf03e19,63ef625c7a9713ee555564f5ba3a211b10897e87616d3f7507d196bc6e386244,f270a9bd17e9e34487a9a09b6f0edb1ab513bca34292fe24b5171dc168cf9601,a0419a01095031fbe4ec00f92f55dfb6a54109fa4ea96d66ca36790e466c2c58,b92fae6ca12d310618d7bb738af1a11fcfe1af1d0a8fa843af640e89d0ab3a51,20260813,,,,False,False,4096,True,/home/msy2025/quantization_graph/results/disk_environment/.formal_runs/runs/formal_diskenv_20260826_043617_05a/05A_disk_quantizer_io/agnews/artifacts/test/SQ_4bit__resident__B2__c0__w1__r0.json
05a,agnews,SQ_4bit,resident,test,formal_diskenv_20260826_043617_05a,0,1,fixed_candidates_k180,rerank_candidates=180,180,,c0,1,0.9457,3756.68687446,265.789065,264.61,272.005,277.495,0.9457,0.0319271678508,0.0509678879905,0.0637002020202,375.683616638,393924608,,,442654720,0,0,0,0,254.757055,0,10.844202,0,0,180,,,,,,,1000,01_quantizer_fair,faiss::ScalarQuantizer(QT_4bit),05a-faiss-sq4-native-odirect-v1,ac6281f3c74243614c2779b5025d952cb0d4d247b55bb979846258d6ebf03e19,63ef625c7a9713ee555564f5ba3a211b10897e87616d3f7507d196bc6e386244,f270a9bd17e9e34487a9a09b6f0edb1ab513bca34292fe24b5171dc168cf9601,a0419a01095031fbe4ec00f92f55dfb6a54109fa4ea96d66ca36790e466c2c58,b92fae6ca12d310618d7bb738af1a11fcfe1af1d0a8fa843af640e89d0ab3a51,20260813,,,,False,False,4096,True,/home/msy2025/quantization_graph/results/disk_environment/.formal_runs/runs/formal_diskenv_20260826_043617_05a/05A_disk_quantizer_io/agnews/artifacts/test/SQ_4bit__resident__B2__c0__w1__r0.json
05a,agnews,SQ_4bit,resident,test,formal_diskenv_20260826_043617_05a,0,1,fixed_candidates_k220,rerank_candidates=220,220,,c0,1,0.9457,3066.13889095,325.729473,324.793,332.943,337.866,0.9457,0.0308244413446,0.0496919686798,0.0637002020202,375.683616638,393924608,,,442654720,0,0,0,0,311.300227,0,14.226903,0,0,220,,,,,,,1000,01_quantizer_fair,faiss::ScalarQuantizer(QT_4bit),05a-faiss-sq4-native-odirect-v1,ac6281f3c74243614c2779b5025d952cb0d4d247b55bb979846258d6ebf03e19,63ef625c7a9713ee555564f5ba3a211b10897e87616d3f7507d196bc6e386244,f270a9bd17e9e34487a9a09b6f0edb1ab513bca34292fe24b5171dc168cf9601,a0419a01095031fbe4ec00f92f55dfb6a54109fa4ea96d66ca36790e466c2c58,b92fae6ca12d310618d7bb738af1a11fcfe1af1d0a8fa843af640e89d0ab3a51,20260813,,,,False,False,4096,True,/home/msy2025/quantization_graph/results/disk_environment/.formal_runs/runs/formal_diskenv_20260826_043617_05a/05A_disk_quantizer_io/agnews/artifacts/test/SQ_4bit__resident__B2__c0__w1__r0.json
05a,agnews,SQ_4bit,resident,test,formal_diskenv_20260826_043617_05a,0,1,fixed_candidates_k260,rerank_candidates=260,260,,c0,1,0.9457,2604.52904212,383.50008,383.219,390.605,395.739,0.9457,0.0299732376708,0.0486552141607,0.0637002020202,375.683616638,393924608,,,442654720,0,0,0,0,367.836788,0,15.469546,0,0,260,,,,,,,1000,01_quantizer_fair,faiss::ScalarQuantizer(QT_4bit),05a-faiss-sq4-native-odirect-v1,ac6281f3c74243614c2779b5025d952cb0d4d247b55bb979846258d6ebf03e19,63ef625c7a9713ee555564f5ba3a211b10897e87616d3f7507d196bc6e386244,f270a9bd17e9e34487a9a09b6f0edb1ab513bca34292fe24b5171dc168cf9601,a0419a01095031fbe4ec00f92f55dfb6a54109fa4ea96d66ca36790e466c2c58,b92fae6ca12d310618d7bb738af1a11fcfe1af1d0a8fa843af640e89d0ab3a51,20260813,,,,False,False,4096,True,/home/msy2025/quantization_graph/results/disk_environment/.formal_runs/runs/formal_diskenv_20260826_043617_05a/05A_disk_quantizer_io/agnews/artifacts/test/SQ_4bit__resident__B2__c0__w1__r0.json
05a,agnews,SQ_4bit,resident,test,formal_diskenv_20260826_043617_05a,0,1,fixed_candidates_k300,rerank_candidates=300,300,,c0,1,0.9457,2250.0393335,443.97047,443.741,451.47,457.349,0.9457,0.0293076628408,0.0478473172052,0.0637002020202,375.683616638,393924608,,,442654720,0,0,0,0,424.551129,0,19.207064,0,0,300,,,,,,,1000,01_quantizer_fair,faiss::ScalarQuantizer(QT_4bit),05a-faiss-sq4-native-odirect-v1,ac6281f3c74243614c2779b5025d952cb0d4d247b55bb979846258d6ebf03e19,63ef625c7a9713ee555564f5ba3a211b10897e87616d3f7507d196bc6e386244,f270a9bd17e9e34487a9a09b6f0edb1ab513bca34292fe24b5171dc168cf9601,a0419a01095031fbe4ec00f92f55dfb6a54109fa4ea96d66ca36790e466c2c58,b92fae6ca12d310618d7bb738af1a11fcfe1af1d0a8fa843af640e89d0ab3a51,20260813,,,,False,False,4096,True,/home/msy2025/quantization_graph/results/disk_environment/.formal_runs/runs/formal_diskenv_20260826_043617_05a/05A_disk_quantizer_io/agnews/artifacts/test/SQ_4bit__resident__B2__c0__w1__r0.json
05a,agnews,SQ_4bit,resident,test,formal_diskenv_20260826_043617_05a,0,1,fixed_candidates_k340,rerank_candidates=340,340,,c0,1,0.9457,1985.06414709,503.28734,502.979,511.619,517.632,0.9457,0.0287670014267,0.0472141331068,0.0637002020202,375.683616638,393924608,,,442654720,0,0,0,0,481.188541,0,21.871722,0,0,340,,,,,,,1000,01_quantizer_fair,faiss::ScalarQuantizer(QT_4bit),05a-faiss-sq4-native-odirect-v1,ac6281f3c74243614c2779b5025d952cb0d4d247b55bb979846258d6ebf03e19,63ef625c7a9713ee555564f5ba3a211b10897e87616d3f7507d196bc6e386244,f270a9bd17e9e34487a9a09b6f0edb1ab513bca34292fe24b5171dc168cf9601,a0419a01095031fbe4ec00f92f55dfb6a54109fa4ea96d66ca36790e466c2c58,b92fae6ca12d310618d7bb738af1a11fcfe1af1d0a8fa843af640e89d0ab3a51,20260813,,,,False,False,4096,True,/home/msy2025/quantization_graph/results/disk_environment/.formal_runs/runs/formal_diskenv_20260826_043617_05a/05A_disk_quantizer_io/agnews/artifacts/test/SQ_4bit__resident__B2__c0__w1__r0.json
05a,agnews,SQ_4bit,resident,test,formal_diskenv_20260826_043617_05a,0,1,fixed_candidates_k380,rerank_candidates=380,380,,c0,1,0.9457,1782.62930564,560.474765,560.296,567.931,573.796,0.9457,0.0283128833969,0.0466480127083,0.0637002020202,375.683616638,393924608,,,442654720,0,0,0,0,537.678468,0,22.561211,0,0,380,,,,,,,1000,01_quantizer_fair,faiss::ScalarQuantizer(QT_4bit),05a-faiss-sq4-native-odirect-v1,ac6281f3c74243614c2779b5025d952cb0d4d247b55bb979846258d6ebf03e19,63ef625c7a9713ee555564f5ba3a211b10897e87616d3f7507d196bc6e386244,f270a9bd17e9e34487a9a09b6f0edb1ab513bca34292fe24b5171dc168cf9601,a0419a01095031fbe4ec00f92f55dfb6a54109fa4ea96d66ca36790e466c2c58,b92fae6ca12d310618d7bb738af1a11fcfe1af1d0a8fa843af640e89d0ab3a51,20260813,,,,False,False,4096,True,/home/msy2025/quantization_graph/results/disk_environment/.formal_runs/runs/formal_diskenv_20260826_043617_05a/05A_disk_quantizer_io/agnews/artifacts/test/SQ_4bit__resident__B2__c0__w1__r0.json
05a,agnews,SQ_4bit,resident,test,formal_diskenv_20260826_043617_05a,0,1,fixed_candidates_k420,rerank_candidates=420,420,,c0,1,0.9457,1611.48811052,620.056833,620.47,627.607,633.739,0.9457,0.0279159823849,0.0461831044411,0.0637002020202,375.683616638,393924608,,,442654720,0,0,0,0,594.366467,0,25.458226,0,0,420,,,,,,,1000,01_quantizer_fair,faiss::ScalarQuantizer(QT_4bit),05a-faiss-sq4-native-odirect-v1,ac6281f3c74243614c2779b5025d952cb0d4d247b55bb979846258d6ebf03e19,63ef625c7a9713ee555564f5ba3a211b10897e87616d3f7507d196bc6e386244,f270a9bd17e9e34487a9a09b6f0edb1ab513bca34292fe24b5171dc168cf9601,a0419a01095031fbe4ec00f92f55dfb6a54109fa4ea96d66ca36790e466c2c58,b92fae6ca12d310618d7bb738af1a11fcfe1af1d0a8fa843af640e89d0ab3a51,20260813,,,,False,False,4096,True,/home/msy2025/quantization_graph/results/disk_environment/.formal_runs/runs/formal_diskenv_20260826_043617_05a/05A_disk_quantizer_io/agnews/artifacts/test/SQ_4bit__resident__B2__c0__w1__r0.json
05a,agnews,SQ_4bit,resident,test,formal_diskenv_20260826_043617_05a,0,1,fixed_candidates_k460,rerank_candidates=460,460,,c0,1,0.9457,1469.0801079,680.168442,680.763,688.23,692.178,0.9457,0.0275723537091,0.0457515525161,0.0637002020202,375.683616638,393924608,,,442654720,0,0,0,0,651.154919,0,28.773434,0,0,460,,,,,,,1000,01_quantizer_fair,faiss::ScalarQuantizer(QT_4bit),05a-faiss-sq4-native-odirect-v1,ac6281f3c74243614c2779b5025d952cb0d4d247b55bb979846258d6ebf03e19,63ef625c7a9713ee555564f5ba3a211b10897e87616d3f7507d196bc6e386244,f270a9bd17e9e34487a9a09b6f0edb1ab513bca34292fe24b5171dc168cf9601,a0419a01095031fbe4ec00f92f55dfb6a54109fa4ea96d66ca36790e466c2c58,b92fae6ca12d310618d7bb738af1a11fcfe1af1d0a8fa843af640e89d0ab3a51,20260813,,,,False,False,4096,True,/home/msy2025/quantization_graph/results/disk_environment/.formal_runs/runs/formal_diskenv_20260826_043617_05a/05A_disk_quantizer_io/agnews/artifacts/test/SQ_4bit__resident__B2__c0__w1__r0.json
05a,agnews,SQ_4bit,payload_on_ssd,test,formal_diskenv_20260826_043617_05a,0,1,fixed_candidates_k10,rerank_candidates=10,10,,c0,1,1,1373.68841038,716.024144,708.056,963.95,1101.72,1,0.0881637645116,0.123917984344,0.0589333333333,375.683616638,0,,,52293632,9.998,9.999,40955.904,699.055215,15.348589,0,0.811345,0,0,10,,,,,,,1000,01_quantizer_fair,faiss::ScalarQuantizer(QT_4bit),05a-faiss-sq4-native-odirect-v1,ac6281f3c74243614c2779b5025d952cb0d4d247b55bb979846258d6ebf03e19,63ef625c7a9713ee555564f5ba3a211b10897e87616d3f7507d196bc6e386244,f270a9bd17e9e34487a9a09b6f0edb1ab513bca34292fe24b5171dc168cf9601,a0419a01095031fbe4ec00f92f55dfb6a54109fa4ea96d66ca36790e466c2c58,b92fae6ca12d310618d7bb738af1a11fcfe1af1d0a8fa843af640e89d0ab3a51,20260813,,,,True,True,4096,True,/home/msy2025/quantization_graph/results/disk_environment/.formal_runs/runs/formal_diskenv_20260826_043617_05a/05A_disk_quantizer_io/agnews/artifacts/test/SQ_4bit__payload_on_ssd__B2__c0__w1__r0.json
05a,agnews,SQ_4bit,payload_on_ssd,test,formal_diskenv_20260826_043617_05a,0,1,fixed_candidates_k11,rerank_candidates=11,11,,c0,1,0.9659,948.763450172,1041.804118,737.52,3229.976,8226.709,0.9659,0.0835402113832,0.11668152584,0.0587090909091,375.683616638,0,,,52293632,10.998,10.999,45051.904,1023.597888,16.690181,0,0.791209,0,0,11,,,,,,,1000,01_quantizer_fair,faiss::ScalarQuantizer(QT_4bit),05a-faiss-sq4-native-odirect-v1,ac6281f3c74243614c2779b5025d952cb0d4d247b55bb979846258d6ebf03e19,63ef625c7a9713ee555564f5ba3a211b10897e87616d3f7507d196bc6e386244,f270a9bd17e9e34487a9a09b6f0edb1ab513bca34292fe24b5171dc168cf9601,a0419a01095031fbe4ec00f92f55dfb6a54109fa4ea96d66ca36790e466c2c58,b92fae6ca12d310618d7bb738af1a11fcfe1af1d0a8fa843af640e89d0ab3a51,20260813,,,,True,True,4096,True,/home/msy2025/quantization_graph/results/disk_environment/.formal_runs/runs/formal_diskenv_20260826_043617_05a/05A_disk_quantizer_io/agnews/artifacts/test/SQ_4bit__payload_on_ssd__B2__c0__w1__r0.json
05a,agnews,SQ_4bit,payload_on_ssd,test,formal_diskenv_20260826_043617_05a,0,1,fixed_candidates_k12,rerank_candidates=12,12,,c0,1,0.954,651.041738298,1524.171726,768.28,6270.547,8123.64,0.954,0.0795753857191,0.10934073266,0.0590757575758,375.683616638,0,,,52293632,11.998,11.999,49147.904,1504.173942,18.176107,0,0.960001,0,0,12,,,,,,,1000,01_quantizer_fair,faiss::ScalarQuantizer(QT_4bit),05a-faiss-sq4-native-odirect-v1,ac6281f3c74243614c2779b5025d952cb0d4d247b55bb979846258d6ebf03e19,63ef625c7a9713ee555564f5ba3a211b10897e87616d3f7507d196bc6e386244,f270a9bd17e9e34487a9a09b6f0edb1ab513bca34292fe24b5171dc168cf9601,a0419a01095031fbe4ec00f92f55dfb6a54109fa4ea96d66ca36790e466c2c58,b92fae6ca12d310618d7bb738af1a11fcfe1af1d0a8fa843af640e89d0ab3a51,20260813,,,,True,True,4096,True,/home/msy2025/quantization_graph/results/disk_environment/.formal_runs/runs/formal_diskenv_20260826_043617_05a/05A_disk_quantizer_io/agnews/artifacts/test/SQ_4bit__payload_on_ssd__B2__c0__w1__r0.json
05a,agnews,SQ_4bit,payload_on_ssd,test,formal_diskenv_20260826_043617_05a,0,1,fixed_candidates_k13,rerank_candidates=13,13,,c0,1,0.9499,599.159313695,1657.640395,759.947,6633.442,8358.232,0.9499,0.0763043305378,0.104592677122,0.0581923076923,375.683616638,0,,,52293632,12.998,12.999,53243.904,1636.340491,19.590115,0,0.886181,0,0,13,,,,,,,1000,01_quantizer_fair,faiss::ScalarQuantizer(QT_4bit),05a-faiss-sq4-native-odirect-v1,ac6281f3c74243614c2779b5025d952cb0d4d247b55bb979846258d6ebf03e19,63ef625c7a9713ee555564f5ba3a211b10897e87616d3f7507d196bc6e386244,f270a9bd17e9e34487a9a09b6f0edb1ab513bca34292fe24b5171dc168cf9601,a0419a01095031fbe4ec00f92f55dfb6a54109fa4ea96d66ca36790e466c2c58,b92fae6ca12d310618d7bb738af1a11fcfe1af1d0a8fa843af640e89d0ab3a51,20260813,,,,True,True,4096,True,/home/msy2025/quantization_graph/results/disk_environment/.formal_runs/runs/formal_diskenv_20260826_043617_05a/05A_disk_quantizer_io/agnews/artifacts/test/SQ_4bit__payload_on_ssd__B2__c0__w1__r0.json
05a,agnews,SQ_4bit,payload_on_ssd,test,formal_diskenv_20260826_043617_05a,0,1,fixed_candidates_k14,rerank_candidates=14,14,,c0,1,0.9479,558.658597735,1778.121135,775.602,7507.558,10784.116,0.9479,0.0733870002755,0.10078823972,0.0591868131868,375.683616638,0,,,52293632,13.998,13.999,57339.904,1754.842714,21.334971,0,1.067356,0,0,14,,,,,,,1000,01_quantizer_fair,faiss::ScalarQuantizer(QT_4bit),05a-faiss-sq4-native-odirect-v1,ac6281f3c74243614c2779b5025d952cb0d4d247b55bb979846258d6ebf03e19,63ef625c7a9713ee555564f5ba3a211b10897e87616d3f7507d196bc6e386244,f270a9bd17e9e34487a9a09b6f0edb1ab513bca34292fe24b5171dc168cf9601,a0419a01095031fbe4ec00f92f55dfb6a54109fa4ea96d66ca36790e466c2c58,b92fae6ca12d310618d7bb738af1a11fcfe1af1d0a8fa843af640e89d0ab3a51,20260813,,,,True,True,4096,True,/home/msy2025/quantization_graph/results/disk_environment/.formal_runs/runs/formal_diskenv_20260826_043617_05a/05A_disk_quantizer_io/agnews/artifacts/test/SQ_4bit__payload_on_ssd__B2__c0__w1__r0.json
05a,agnews,SQ_4bit,payload_on_ssd,test,formal_diskenv_20260826_043617_05a,0,1,fixed_candidates_k15,rerank_candidates=15,15,,c0,1,0.9468,520.028006046,1910.685247,784.378,7857.609,9576.208,0.9468,0.0708619264486,0.0969666010973,0.0592761904762,375.683616638,0,,,52293632,14.997,14.999,61435.904,1885.93294,22.884744,0,1.004853,0,0,15,,,,,,,1000,01_quantizer_fair,faiss::ScalarQuantizer(QT_4bit),05a-faiss-sq4-native-odirect-v1,ac6281f3c74243614c2779b5025d952cb0d4d247b55bb979846258d6ebf03e19,63ef625c7a9713ee555564f5ba3a211b10897e87616d3f7507d196bc6e386244,f270a9bd17e9e34487a9a09b6f0edb1ab513bca34292fe24b5171dc168cf9601,a0419a01095031fbe4ec00f92f55dfb6a54109fa4ea96d66ca36790e466c2c58,b92fae6ca12d310618d7bb738af1a11fcfe1af1d0a8fa843af640e89d0ab3a51,20260813,,,,True,True,4096,True,/home/msy2025/quantization_graph/results/disk_environment/.formal_runs/runs/formal_diskenv_20260826_043617_05a/05A_disk_quantizer_io/agnews/artifacts/test/SQ_4bit__payload_on_ssd__B2__c0__w1__r0.json
05a,agnews,SQ_4bit,payload_on_ssd,test,formal_diskenv_20260826_043617_05a,0,1,fixed_candidates_k16,rerank_candidates=16,16,,c0,1,0.9465,487.805300893,2038.116604,808.001,7353.612,9237.392,0.9465,0.0686002362412,0.0932367990553,0.0602333333333,375.683616638,0,,,52293632,15.996,15.999,65531.904,2012.205612,23.981533,0,1.021815,0,0,16,,,,,,,1000,01_quantizer_fair,faiss::ScalarQuantizer(QT_4bit),05a-faiss-sq4-native-odirect-v1,ac6281f3c74243614c2779b5025d952cb0d4d247b55bb979846258d6ebf03e19,63ef625c7a9713ee555564f5ba3a211b10897e87616d3f7507d196bc6e386244,f270a9bd17e9e34487a9a09b6f0edb1ab513bca34292fe24b5171dc168cf9601,a0419a01095031fbe4ec00f92f55dfb6a54109fa4ea96d66ca36790e466c2c58,b92fae6ca12d310618d7bb738af1a11fcfe1af1d0a8fa843af640e89d0ab3a51,20260813,,,,True,True,4096,True,/home/msy2025/quantization_graph/results/disk_environment/.formal_runs/runs/formal_diskenv_20260826_043617_05a/05A_disk_quantizer_io/agnews/artifacts/test/SQ_4bit__payload_on_ssd__B2__c0__w1__r0.json
05a,agnews,SQ_4bit,payload_on_ssd,test,formal_diskenv_20260826_043617_05a,0,1,fixed_candidates_k17,rerank_candidates=17,17,,c0,1,0.9464,458.716750697,2168.370849,816.101,7929.008,9760.375,0.9464,0.0666201637672,0.0907245777733,0.0603088235294,375.683616638,0,,,52293632,16.996,16.999,69627.904,2141.071623,25.312426,0,1.098984,0,0,17,,,,,,,1000,01_quantizer_fair,faiss::ScalarQuantizer(QT_4bit),05a-faiss-sq4-native-odirect-v1,ac6281f3c74243614c2779b5025d952cb0d4d247b55bb979846258d6ebf03e19,63ef625c7a9713ee555564f5ba3a211b10897e87616d3f7507d196bc6e386244,f270a9bd17e9e34487a9a09b6f0edb1ab513bca34292fe24b5171dc168cf9601,a0419a01095031fbe4ec00f92f55dfb6a54109fa4ea96d66ca36790e466c2c58,b92fae6ca12d310618d7bb738af1a11fcfe1af1d0a8fa843af640e89d0ab3a51,20260813,,,,True,True,4096,True,/home/msy2025/quantization_graph/results/disk_environment/.formal_runs/runs/formal_diskenv_20260826_043617_05a/05A_disk_quantizer_io/agnews/artifacts/test/SQ_4bit__payload_on_ssd__B2__c0__w1__r0.json
05a,agnews,SQ_4bit,payload_on_ssd,test,formal_diskenv_20260826_043617_05a,0,1,fixed_candidates_k18,rerank_candidates=18,18,,c0,1,0.9462,434.02822066,2291.790232,824.081,8031.12,9870.853,0.9462,0.0648693330293,0.0885590735327,0.0603986928105,375.683616638,0,,,52293632,17.996,17.999,73723.904,2263.1334,26.518055,0,1.235452,0,0,18,,,,,,,1000,01_quantizer_fair,faiss::ScalarQuantizer(QT_4bit),05a-faiss-sq4-native-odirect-v1,ac6281f3c74243614c2779b5025d952cb0d4d247b55bb979846258d6ebf03e19,63ef625c7a9713ee555564f5ba3a211b10897e87616d3f7507d196bc6e386244,f270a9bd17e9e34487a9a09b6f0edb1ab513bca34292fe24b5171dc168cf9601,a0419a01095031fbe4ec00f92f55dfb6a54109fa4ea96d66ca36790e466c2c58,b92fae6ca12d310618d7bb738af1a11fcfe1af1d0a8fa843af640e89d0ab3a51,20260813,,,,True,True,4096,True,/home/msy2025/quantization_graph/results/disk_environment/.formal_runs/runs/formal_diskenv_20260826_043617_05a/05A_disk_quantizer_io/agnews/artifacts/test/SQ_4bit__payload_on_ssd__B2__c0__w1__r0.json
05a,agnews,SQ_4bit,payload_on_ssd,test,formal_diskenv_20260826_043617_05a,0,1,fixed_candidates_k19,rerank_candidates=19,19,,c0,1,0.946,411.184580626,2420.002424,828.763,7902.917,9610.081,0.946,0.0632592143832,0.0860619558123,0.0610935672515,375.683616638,0,,,52293632,18.996,18.999,77819.904,2389.727656,28.079659,0,1.23203,0,0,19,,,,,,,1000,01_quantizer_fair,faiss::ScalarQuantizer(QT_4bit),05a-faiss-sq4-native-odirect-v1,ac6281f3c74243614c2779b5025d952cb0d4d247b55bb979846258d6ebf03e19,63ef625c7a9713ee555564f5ba3a211b10897e87616d3f7507d196bc6e386244,f270a9bd17e9e34487a9a09b6f0edb1ab513bca34292fe24b5171dc168cf9601,a0419a01095031fbe4ec00f92f55dfb6a54109fa4ea96d66ca36790e466c2c58,b92fae6ca12d310618d7bb738af1a11fcfe1af1d0a8fa843af640e89d0ab3a51,20260813,,,,True,True,4096,True,/home/msy2025/quantization_graph/results/disk_environment/.formal_runs/runs/formal_diskenv_20260826_043617_05a/05A_disk_quantizer_io/agnews/artifacts/test/SQ_4bit__payload_on_ssd__B2__c0__w1__r0.json
05a,agnews,SQ_4bit,payload_on_ssd,test,formal_diskenv_20260826_043617_05a,0,1,fixed_candidates_k20,rerank_candidates=20,20,,c0,1,0.9459,388.049000375,2565.11094,838.515,8367.238,10070.157,0.9459,0.0617928385941,0.0844042223753,0.0614052631579,375.683616638,0,,,52293632,19.996,19.999,81915.904,2533.523916,29.600225,0,1.035688,0,0,20,,,,,,,1000,01_quantizer_fair,faiss::ScalarQuantizer(QT_4bit),05a-faiss-sq4-native-odirect-v1,ac6281f3c74243614c2779b5025d952cb0d4d247b55bb979846258d6ebf03e19,63ef625c7a9713ee555564f5ba3a211b10897e87616d3f7507d196bc6e386244,f270a9bd17e9e34487a9a09b6f0edb1ab513bca34292fe24b5171dc168cf9601,a0419a01095031fbe4ec00f92f55dfb6a54109fa4ea96d66ca36790e466c2c58,b92fae6ca12d310618d7bb738af1a11fcfe1af1d0a8fa843af640e89d0ab3a51,20260813,,,,True,True,4096,True,/home/msy2025/quantization_graph/results/disk_environment/.formal_runs/runs/formal_diskenv_20260826_043617_05a/05A_disk_quantizer_io/agnews/artifacts/test/SQ_4bit__payload_on_ssd__B2__c0__w1__r0.json
05a,agnews,SQ_4bit,payload_on_ssd,test,formal_diskenv_20260826_043617_05a,0,1,fixed_candidates_k21,rerank_candidates=21,21,,c0,1,0.9457,371.473134046,2679.74712,849.572,8828.784,10487.678,0.9457,0.0604102843212,0.0827320781294,0.0619523809524,375.683616638,0,,,52293632,20.996,20.999,86011.904,2646.578026,30.836556,0,1.310979,0,0,21,,,,,,,1000,01_quantizer_fair,faiss::ScalarQuantizer(QT_4bit),05a-faiss-sq4-native-odirect-v1,ac6281f3c74243614c2779b5025d952cb0d4d247b55bb979846258d6ebf03e19,63ef625c7a9713ee555564f5ba3a211b10897e87616d3f7507d196bc6e386244,f270a9bd17e9e34487a9a09b6f0edb1ab513bca34292fe24b5171dc168cf9601,a0419a01095031fbe4ec00f92f55dfb6a54109fa4ea96d66ca36790e466c2c58,b92fae6ca12d310618d7bb738af1a11fcfe1af1d0a8fa843af640e89d0ab3a51,20260813,,,,True,True,4096,True,/home/msy2025/quantization_graph/results/disk_environment/.formal_runs/runs/formal_diskenv_20260826_043617_05a/05A_disk_quantizer_io/agnews/artifacts/test/SQ_4bit__payload_on_ssd__B2__c0__w1__r0.json
05a,agnews,SQ_4bit,payload_on_ssd,test,formal_diskenv_20260826_043617_05a,0,1,fixed_candidates_k22,rerank_candidates=22,22,,c0,1,0.9457,354.484848596,2809.710029,859.75,9026.615,11128.174,0.9457,0.0591696797491,0.080793517211,0.0619826839827,375.683616638,0,,,52293632,21.995,21.999,90107.904,2774.863178,32.331519,0,1.445902,0,0,22,,,,,,,1000,01_quantizer_fair,faiss::ScalarQuantizer(QT_4bit),05a-faiss-sq4-native-odirect-v1,ac6281f3c74243614c2779b5025d952cb0d4d247b55bb979846258d6ebf03e19,63ef625c7a9713ee555564f5ba3a211b10897e87616d3f7507d196bc6e386244,f270a9bd17e9e34487a9a09b6f0edb1ab513bca34292fe24b5171dc168cf9601,a0419a01095031fbe4ec00f92f55dfb6a54109fa4ea96d66ca36790e466c2c58,b92fae6ca12d310618d7bb738af1a11fcfe1af1d0a8fa843af640e89d0ab3a51,20260813,,,,True,True,4096,True,/home/msy2025/quantization_graph/results/disk_environment/.formal_runs/runs/formal_diskenv_20260826_043617_05a/05A_disk_quantizer_io/agnews/artifacts/test/SQ_4bit__payload_on_ssd__B2__c0__w1__r0.json
05a,agnews,SQ_4bit,payload_on_ssd,test,formal_diskenv_20260826_043617_05a,0,1,fixed_candidates_k23,rerank_candidates=23,23,,c0,1,0.9457,338.181791799,2945.553094,905.86,8950.136,10398.799,0.9457,0.0580443817902,0.0793503326772,0.0616877470356,375.683616638,0,,,52293632,22.994,22.999,94203.904,2909.615095,33.533539,0,1.390956,0,0,23,,,,,,,1000,01_quantizer_fair,faiss::ScalarQuantizer(QT_4bit),05a-faiss-sq4-native-odirect-v1,ac6281f3c74243614c2779b5025d952cb0d4d247b55bb979846258d6ebf03e19,63ef625c7a9713ee555564f5ba3a211b10897e87616d3f7507d196bc6e386244,f270a9bd17e9e34487a9a09b6f0edb1ab513bca34292fe24b5171dc168cf9601,a0419a01095031fbe4ec00f92f55dfb6a54109fa4ea96d66ca36790e466c2c58,b92fae6ca12d310618d7bb738af1a11fcfe1af1d0a8fa843af640e89d0ab3a51,20260813,,,,True,True,4096,True,/home/msy2025/quantization_graph/results/disk_environment/.formal_runs/runs/formal_diskenv_20260826_043617_05a/05A_disk_quantizer_io/agnews/artifacts/test/SQ_4bit__payload_on_ssd__B2__c0__w1__r0.json
05a,agnews,SQ_4bit,payload_on_ssd,test,formal_diskenv_20260826_043617_05a,0,1,fixed_candidates_k24,rerank_candidates=24,24,,c0,1,0.9457,325.733111015,3058.679757,895.962,9431.465,10526.097,0.9457,0.0569776380935,0.0782934309859,0.0618768115942,375.683616638,0,,,52293632,23.993,23.999,98299.904,3020.880916,35.214002,0,1.459873,0,0,24,,,,,,,1000,01_quantizer_fair,faiss::ScalarQuantizer(QT_4bit),05a-faiss-sq4-native-odirect-v1,ac6281f3c74243614c2779b5025d952cb0d4d247b55bb979846258d6ebf03e19,63ef625c7a9713ee555564f5ba3a211b10897e87616d3f7507d196bc6e386244,f270a9bd17e9e34487a9a09b6f0edb1ab513bca34292fe24b5171dc168cf9601,a0419a01095031fbe4ec00f92f55dfb6a54109fa4ea96d66ca36790e466c2c58,b92fae6ca12d310618d7bb738af1a11fcfe1af1d0a8fa843af640e89d0ab3a51,20260813,,,,True,True,4096,True,/home/msy2025/quantization_graph/results/disk_environment/.formal_runs/runs/formal_diskenv_20260826_043617_05a/05A_disk_quantizer_io/agnews/artifacts/test/SQ_4bit__payload_on_ssd__B2__c0__w1__r0.json
05a,agnews,SQ_4bit,payload_on_ssd,test,formal_diskenv_20260826_043617_05a,0,1,fixed_candidates_k25,rerank_candidates=25,25,,c0,1,0.9457,312.499824609,3188.489177,893.823,9564.667,10435.489,0.9457,0.0560150890438,0.07738229602,0.0618466666667,375.683616638,0,,,52293632,24.993,24.999,102395.904,3149.529914,36.669639,0,1.200075,0,0,25,,,,,,,1000,01_quantizer_fair,faiss::ScalarQuantizer(QT_4bit),05a-faiss-sq4-native-odirect-v1,ac6281f3c74243614c2779b5025d952cb0d4d247b55bb979846258d6ebf03e19,63ef625c7a9713ee555564f5ba3a211b10897e87616d3f7507d196bc6e386244,f270a9bd17e9e34487a9a09b6f0edb1ab513bca34292fe24b5171dc168cf9601,a0419a01095031fbe4ec00f92f55dfb6a54109fa4ea96d66ca36790e466c2c58,b92fae6ca12d310618d7bb738af1a11fcfe1af1d0a8fa843af640e89d0ab3a51,20260813,,,,True,True,4096,True,/home/msy2025/quantization_graph/results/disk_environment/.formal_runs/runs/formal_diskenv_20260826_043617_05a/05A_disk_quantizer_io/agnews/artifacts/test/SQ_4bit__payload_on_ssd__B2__c0__w1__r0.json
05a,agnews,SQ_4bit,payload_on_ssd,test,formal_diskenv_20260826_043617_05a,0,1,fixed_candidates_k26,rerank_candidates=26,26,,c0,1,0.9457,299.672211014,3325.0115,919.369,9896.737,10311.718,0.9457,0.0551257037853,0.0765592444956,0.0616584615385,375.683616638,0,,,52293632,25.992,25.999,106491.904,3283.97922,38.211168,0,1.637905,0,0,26,,,,,,,1000,01_quantizer_fair,faiss::ScalarQuantizer(QT_4bit),05a-faiss-sq4-native-odirect-v1,ac6281f3c74243614c2779b5025d952cb0d4d247b55bb979846258d6ebf03e19,63ef625c7a9713ee555564f5ba3a211b10897e87616d3f7507d196bc6e386244,f270a9bd17e9e34487a9a09b6f0edb1ab513bca34292fe24b5171dc168cf9601,a0419a01095031fbe4ec00f92f55dfb6a54109fa4ea96d66ca36790e466c2c58,b92fae6ca12d310618d7bb738af1a11fcfe1af1d0a8fa843af640e89d0ab3a51,20260813,,,,True,True,4096,True,/home/msy2025/quantization_graph/results/disk_environment/.formal_runs/runs/formal_diskenv_20260826_043617_05a/05A_disk_quantizer_io/agnews/artifacts/test/SQ_4bit__payload_on_ssd__B2__c0__w1__r0.json
05a,agnews,SQ_4bit,payload_on_ssd,test,formal_diskenv_20260826_043617_05a,0,1,fixed_candidates_k27,rerank_candidates=27,27,,c0,1,0.9457,288.687023929,3451.955265,935.808,9114.575,10083.583,0.9457,0.0542985731916,0.0754284709145,0.0614387464387,375.683616638,0,,,52293632,26.991,26.998,110583.808,3409.795216,39.191816,0,1.727562,0,0,27,,,,,,,1000,01_quantizer_fair,faiss::ScalarQuantizer(QT_4bit),05a-faiss-sq4-native-odirect-v1,ac6281f3c74243614c2779b5025d952cb0d4d247b55bb979846258d6ebf03e19,63ef625c7a9713ee555564f5ba3a211b10897e87616d3f7507d196bc6e386244,f270a9bd17e9e34487a9a09b6f0edb1ab513bca34292fe24b5171dc168cf9601,a0419a01095031fbe4ec00f92f55dfb6a54109fa4ea96d66ca36790e466c2c58,b92fae6ca12d310618d7bb738af1a11fcfe1af1d0a8fa843af640e89d0ab3a51,20260813,,,,True,True,4096,True,/home/msy2025/quantization_graph/results/disk_environment/.formal_runs/runs/formal_diskenv_20260826_043617_05a/05A_disk_quantizer_io/agnews/artifacts/test/SQ_4bit__payload_on_ssd__B2__c0__w1__r0.json
05a,agnews,SQ_4bit,payload_on_ssd,test,formal_diskenv_20260826_043617_05a,0,1,fixed_candidates_k28,rerank_candidates=28,28,,c0,1,0.9457,278.63011667,3577.087806,966.874,9332.023,10226.806,0.9457,0.0534969657599,0.0745615000305,0.0615026455026,375.683616638,0,,,52293632,27.991,27.998,114679.808,3533.651688,40.596107,0,1.64966,0,0,28,,,,,,,1000,01_quantizer_fair,faiss::ScalarQuantizer(QT_4bit),05a-faiss-sq4-native-odirect-v1,ac6281f3c74243614c2779b5025d952cb0d4d247b55bb979846258d6ebf03e19,63ef625c7a9713ee555564f5ba3a211b10897e87616d3f7507d196bc6e386244,f270a9bd17e9e34487a9a09b6f0edb1ab513bca34292fe24b5171dc168cf9601,a0419a01095031fbe4ec00f92f55dfb6a54109fa4ea96d66ca36790e466c2c58,b92fae6ca12d310618d7bb738af1a11fcfe1af1d0a8fa843af640e89d0ab3a51,20260813,,,,True,True,4096,True,/home/msy2025/quantization_graph/results/disk_environment/.formal_runs/runs/formal_diskenv_20260826_043617_05a/05A_disk_quantizer_io/agnews/artifacts/test/SQ_4bit__payload_on_ssd__B2__c0__w1__r0.json
05a,agnews,SQ_4bit,payload_on_ssd,test,formal_diskenv_20260826_043617_05a,0,1,fixed_candidates_k29,rerank_candidates=29,29,,c0,1,0.9457,268.962635073,3706.444434,974.341,9347.331,10233.513,0.9457,0.0527602957502,0.0738245369236,0.0614162561576,375.683616638,0,,,52293632,28.989,28.996,118767.616,3661.625166,41.804097,0,1.74646,0,0,29,,,,,,,1000,01_quantizer_fair,faiss::ScalarQuantizer(QT_4bit),05a-faiss-sq4-native-odirect-v1,ac6281f3c74243614c2779b5025d952cb0d4d247b55bb979846258d6ebf03e19,63ef625c7a9713ee555564f5ba3a211b10897e87616d3f7507d196bc6e386244,f270a9bd17e9e34487a9a09b6f0edb1ab513bca34292fe24b5171dc168cf9601,a0419a01095031fbe4ec00f92f55dfb6a54109fa4ea96d66ca36790e466c2c58,b92fae6ca12d310618d7bb738af1a11fcfe1af1d0a8fa843af640e89d0ab3a51,20260813,,,,True,True,4096,True,/home/msy2025/quantization_graph/results/disk_environment/.formal_runs/runs/formal_diskenv_20260826_043617_05a/05A_disk_quantizer_io/agnews/artifacts/test/SQ_4bit__payload_on_ssd__B2__c0__w1__r0.json
05a,agnews,SQ_4bit,payload_on_ssd,test,formal_diskenv_20260826_043617_05a,0,1,fixed_candidates_k30,rerank_candidates=30,30,,c0,1,0.9457,260.144802815,3832.273533,988.177,9287.538,9961.904,0.9457,0.0520568332117,0.0730041923213,0.0615379310345,375.683616638,0,,,52293632,29.989,29.996,122863.616,3785.973009,43.233193,0,1.793355,0,0,30,,,,,,,1000,01_quantizer_fair,faiss::ScalarQuantizer(QT_4bit),05a-faiss-sq4-native-odirect-v1,ac6281f3c74243614c2779b5025d952cb0d4d247b55bb979846258d6ebf03e19,63ef625c7a9713ee555564f5ba3a211b10897e87616d3f7507d196bc6e386244,f270a9bd17e9e34487a9a09b6f0edb1ab513bca34292fe24b5171dc168cf9601,a0419a01095031fbe4ec00f92f55dfb6a54109fa4ea96d66ca36790e466c2c58,b92fae6ca12d310618d7bb738af1a11fcfe1af1d0a8fa843af640e89d0ab3a51,20260813,,,,True,True,4096,True,/home/msy2025/quantization_graph/results/disk_environment/.formal_runs/runs/formal_diskenv_20260826_043617_05a/05A_disk_quantizer_io/agnews/artifacts/test/SQ_4bit__payload_on_ssd__B2__c0__w1__r0.json
05a,agnews,SQ_4bit,payload_on_ssd,test,formal_diskenv_20260826_043617_05a,0,1,fixed_candidates_k40,rerank_candidates=40,40,,c0,1,0.9457,194.970678701,5117.304734,7288.096,9688.751,11549.753,0.9457,0.0468117494662,0.0671228974173,0.0616730769231,375.683616638,0,,,52293632,39.982,39.994,163815.424,5055.132017,58.453457,0,2.076947,0,0,40,,,,,,,1000,01_quantizer_fair,faiss::ScalarQuantizer(QT_4bit),05a-faiss-sq4-native-odirect-v1,ac6281f3c74243614c2779b5025d952cb0d4d247b55bb979846258d6ebf03e19,63ef625c7a9713ee555564f5ba3a211b10897e87616d3f7507d196bc6e386244,f270a9bd17e9e34487a9a09b6f0edb1ab513bca34292fe24b5171dc168cf9601,a0419a01095031fbe4ec00f92f55dfb6a54109fa4ea96d66ca36790e466c2c58,b92fae6ca12d310618d7bb738af1a11fcfe1af1d0a8fa843af640e89d0ab3a51,20260813,,,,True,True,4096,True,/home/msy2025/quantization_graph/results/disk_environment/.formal_runs/runs/formal_diskenv_20260826_043617_05a/05A_disk_quantizer_io/agnews/artifacts/test/SQ_4bit__payload_on_ssd__B2__c0__w1__r0.json
05a,agnews,SQ_4bit,payload_on_ssd,test,formal_diskenv_20260826_043617_05a,0,1,fixed_candidates_k50,rerank_candidates=50,50,,c0,1,0.9457,156.226464898,6389.382327,9033.07,10163.267,10924.853,0.9457,0.0434863852268,0.0635131856622,0.0622840816327,375.683616638,0,,,52293632,49.967,49.989,204754.944,6313.192316,71.984096,0,2.379655,0,0,50,,,,,,,1000,01_quantizer_fair,faiss::ScalarQuantizer(QT_4bit),05a-faiss-sq4-native-odirect-v1,ac6281f3c74243614c2779b5025d952cb0d4d247b55bb979846258d6ebf03e19,63ef625c7a9713ee555564f5ba3a211b10897e87616d3f7507d196bc6e386244,f270a9bd17e9e34487a9a09b6f0edb1ab513bca34292fe24b5171dc168cf9601,a0419a01095031fbe4ec00f92f55dfb6a54109fa4ea96d66ca36790e466c2c58,b92fae6ca12d310618d7bb738af1a11fcfe1af1d0a8fa843af640e89d0ab3a51,20260813,,,,True,True,4096,True,/home/msy2025/quantization_graph/results/disk_environment/.formal_runs/runs/formal_diskenv_20260826_043617_05a/05A_disk_quantizer_io/agnews/artifacts/test/SQ_4bit__payload_on_ssd__B2__c0__w1__r0.json
05a,agnews,SQ_4bit,payload_on_ssd,test,formal_diskenv_20260826_043617_05a,0,1,fixed_candidates_k60,rerank_candidates=60,60,,c0,1,0.9457,130.056512642,7677.362792,9634.297,10699.57,13354.02,0.9457,0.0411617077245,0.0609486303917,0.0627220338983,375.683616638,0,,,52293632,59.954,59.985,245698.56,7586.26554,85.800926,0,3.173851,0,0,60,,,,,,,1000,01_quantizer_fair,faiss::ScalarQuantizer(QT_4bit),05a-faiss-sq4-native-odirect-v1,ac6281f3c74243614c2779b5025d952cb0d4d247b55bb979846258d6ebf03e19,63ef625c7a9713ee555564f5ba3a211b10897e87616d3f7507d196bc6e386244,f270a9bd17e9e34487a9a09b6f0edb1ab513bca34292fe24b5171dc168cf9601,a0419a01095031fbe4ec00f92f55dfb6a54109fa4ea96d66ca36790e466c2c58,b92fae6ca12d310618d7bb738af1a11fcfe1af1d0a8fa843af640e89d0ab3a51,20260813,,,,True,True,4096,True,/home/msy2025/quantization_graph/results/disk_environment/.formal_runs/runs/formal_diskenv_20260826_043617_05a/05A_disk_quantizer_io/agnews/artifacts/test/SQ_4bit__payload_on_ssd__B2__c0__w1__r0.json
05a,agnews,SQ_4bit,payload_on_ssd,test,formal_diskenv_20260826_043617_05a,0,1,fixed_candidates_k70,rerank_candidates=70,70,,c0,1,0.9457,111.557587744,8948.485879,9905.751,12283.367,20587.799,0.9457,0.0394217098771,0.0590538309288,0.062949068323,375.683616638,0,,,52293632,69.941,69.98,286638.08,8840.653599,100.916883,0,4.398973,0,0,70,,,,,,,1000,01_quantizer_fair,faiss::ScalarQuantizer(QT_4bit),05a-faiss-sq4-native-odirect-v1,ac6281f3c74243614c2779b5025d952cb0d4d247b55bb979846258d6ebf03e19,63ef625c7a9713ee555564f5ba3a211b10897e87616d3f7507d196bc6e386244,f270a9bd17e9e34487a9a09b6f0edb1ab513bca34292fe24b5171dc168cf9601,a0419a01095031fbe4ec00f92f55dfb6a54109fa4ea96d66ca36790e466c2c58,b92fae6ca12d310618d7bb738af1a11fcfe1af1d0a8fa843af640e89d0ab3a51,20260813,,,,True,True,4096,True,/home/msy2025/quantization_graph/results/disk_environment/.formal_runs/runs/formal_diskenv_20260826_043617_05a/05A_disk_quantizer_io/agnews/artifacts/test/SQ_4bit__payload_on_ssd__B2__c0__w1__r0.json
05a,agnews,SQ_4bit,payload_on_ssd,test,formal_diskenv_20260826_043617_05a,0,1,fixed_candidates_k80,rerank_candidates=80,80,,c0,1,0.9457,97.5039853579,10239.903796,10002.224,19052.63,20070.637,0.9457,0.0380639389402,0.0576995201585,0.0632487341772,375.683616638,0,,,52293632,79.925,79.973,327569.408,10118.730863,113.986614,0,4.282928,0,0,80,,,,,,,1000,01_quantizer_fair,faiss::ScalarQuantizer(QT_4bit),05a-faiss-sq4-native-odirect-v1,ac6281f3c74243614c2779b5025d952cb0d4d247b55bb979846258d6ebf03e19,63ef625c7a9713ee555564f5ba3a211b10897e87616d3f7507d196bc6e386244,f270a9bd17e9e34487a9a09b6f0edb1ab513bca34292fe24b5171dc168cf9601,a0419a01095031fbe4ec00f92f55dfb6a54109fa4ea96d66ca36790e466c2c58,b92fae6ca12d310618d7bb738af1a11fcfe1af1d0a8fa843af640e89d0ab3a51,20260813,,,,True,True,4096,True,/home/msy2025/quantization_graph/results/disk_environment/.formal_runs/runs/formal_diskenv_20260826_043617_05a/05A_disk_quantizer_io/agnews/artifacts/test/SQ_4bit__payload_on_ssd__B2__c0__w1__r0.json
05a,agnews,SQ_4bit,payload_on_ssd,test,formal_diskenv_20260826_043617_05a,0,1,fixed_candidates_k90,rerank_candidates=90,90,,c0,1,0.9457,86.7304652222,11514.083366,10073.925,19994.534,20197.784,0.9457,0.0369501746651,0.0564305169174,0.063663670412,375.683616638,0,,,52293632,89.896,89.962,368484.352,11378.413565,127.852469,0,4.706453,0,0,90,,,,,,,1000,01_quantizer_fair,faiss::ScalarQuantizer(QT_4bit),05a-faiss-sq4-native-odirect-v1,ac6281f3c74243614c2779b5025d952cb0d4d247b55bb979846258d6ebf03e19,63ef625c7a9713ee555564f5ba3a211b10897e87616d3f7507d196bc6e386244,f270a9bd17e9e34487a9a09b6f0edb1ab513bca34292fe24b5171dc168cf9601,a0419a01095031fbe4ec00f92f55dfb6a54109fa4ea96d66ca36790e466c2c58,b92fae6ca12d310618d7bb738af1a11fcfe1af1d0a8fa843af640e89d0ab3a51,20260813,,,,True,True,4096,True,/home/msy2025/quantization_graph/results/disk_environment/.formal_runs/runs/formal_diskenv_20260826_043617_05a/05A_disk_quantizer_io/agnews/artifacts/test/SQ_4bit__payload_on_ssd__B2__c0__w1__r0.json
05a,agnews,SQ_4bit,payload_on_ssd,test,formal_diskenv_20260826_043617_05a,0,1,fixed_candidates_k100,rerank_candidates=100,100,,c0,1,0.9457,78.0643528898,12797.794931,10156.875,20168.311,21081.143,0.9457,0.0360401011653,0.0554706407323,0.0636993939394,375.683616638,0,,,52293632,99.876,99.955,409415.68,12645.99372,142.921723,0,5.512688,0,0,100,,,,,,,1000,01_quantizer_fair,faiss::ScalarQuantizer(QT_4bit),05a-faiss-sq4-native-odirect-v1,ac6281f3c74243614c2779b5025d952cb0d4d247b55bb979846258d6ebf03e19,63ef625c7a9713ee555564f5ba3a211b10897e87616d3f7507d196bc6e386244,f270a9bd17e9e34487a9a09b6f0edb1ab513bca34292fe24b5171dc168cf9601,a0419a01095031fbe4ec00f92f55dfb6a54109fa4ea96d66ca36790e466c2c58,b92fae6ca12d310618d7bb738af1a11fcfe1af1d0a8fa843af640e89d0ab3a51,20260813,,,,True,True,4096,True,/home/msy2025/quantization_graph/results/disk_environment/.formal_runs/runs/formal_diskenv_20260826_043617_05a/05A_disk_quantizer_io/agnews/artifacts/test/SQ_4bit__payload_on_ssd__B2__c0__w1__r0.json
05a,agnews,SQ_4bit,payload_on_ssd,test,formal_diskenv_20260826_043617_05a,0,1,fixed_candidates_k140,rerank_candidates=140,140,,c0,1,0.9457,55.8224450284,17901.957777,19887.636,20391.072,20809.364,0.9457,0.0335207665071,0.0527310839953,0.0637002020202,375.683616638,0,,,52293632,139.736,139.914,573087.744,17690.331704,198.979742,0,8.226844,0,0,140,,,,,,,1000,01_quantizer_fair,faiss::ScalarQuantizer(QT_4bit),05a-faiss-sq4-native-odirect-v1,ac6281f3c74243614c2779b5025d952cb0d4d247b55bb979846258d6ebf03e19,63ef625c7a9713ee555564f5ba3a211b10897e87616d3f7507d196bc6e386244,f270a9bd17e9e34487a9a09b6f0edb1ab513bca34292fe24b5171dc168cf9601,a0419a01095031fbe4ec00f92f55dfb6a54109fa4ea96d66ca36790e466c2c58,b92fae6ca12d310618d7bb738af1a11fcfe1af1d0a8fa843af640e89d0ab3a51,20260813,,,,True,True,4096,True,/home/msy2025/quantization_graph/results/disk_environment/.formal_runs/runs/formal_diskenv_20260826_043617_05a/05A_disk_quantizer_io/agnews/artifacts/test/SQ_4bit__payload_on_ssd__B2__c0__w1__r0.json
05a,agnews,SQ_4bit,payload_on_ssd,test,formal_diskenv_20260826_043617_05a,0,1,fixed_candidates_k180,rerank_candidates=180,180,,c0,1,0.9457,43.3897168158,23034.751765,21166.524,28964.526,29215.613,0.9457,0.0319271678508,0.0509678879905,0.0637002020202,375.683616638,0,,,52293632,179.566,179.863,736718.848,22762.315047,256.236133,0,10.532909,0,0,180,,,,,,,1000,01_quantizer_fair,faiss::ScalarQuantizer(QT_4bit),05a-faiss-sq4-native-odirect-v1,ac6281f3c74243614c2779b5025d952cb0d4d247b55bb979846258d6ebf03e19,63ef625c7a9713ee555564f5ba3a211b10897e87616d3f7507d196bc6e386244,f270a9bd17e9e34487a9a09b6f0edb1ab513bca34292fe24b5171dc168cf9601,a0419a01095031fbe4ec00f92f55dfb6a54109fa4ea96d66ca36790e466c2c58,b92fae6ca12d310618d7bb738af1a11fcfe1af1d0a8fa843af640e89d0ab3a51,20260813,,,,True,True,4096,True,/home/msy2025/quantization_graph/results/disk_environment/.formal_runs/runs/formal_diskenv_20260826_043617_05a/05A_disk_quantizer_io/agnews/artifacts/test/SQ_4bit__payload_on_ssd__B2__c0__w1__r0.json
05a,agnews,SQ_4bit,payload_on_ssd,test,formal_diskenv_20260826_043617_05a,0,1,fixed_candidates_k220,rerank_candidates=220,220,,c0,1,0.9457,35.5468018791,28120.106235,29898.457,31761.862,33786.818,0.9457,0.0308244413446,0.0496919686798,0.0637002020202,375.683616638,0,,,52293632,219.347,219.808,900333.568,27787.853611,312.534949,0,12.733146,0,0,220,,,,,,,1000,01_quantizer_fair,faiss::ScalarQuantizer(QT_4bit),05a-faiss-sq4-native-odirect-v1,ac6281f3c74243614c2779b5025d952cb0d4d247b55bb979846258d6ebf03e19,63ef625c7a9713ee555564f5ba3a211b10897e87616d3f7507d196bc6e386244,f270a9bd17e9e34487a9a09b6f0edb1ab513bca34292fe24b5171dc168cf9601,a0419a01095031fbe4ec00f92f55dfb6a54109fa4ea96d66ca36790e466c2c58,b92fae6ca12d310618d7bb738af1a11fcfe1af1d0a8fa843af640e89d0ab3a51,20260813,,,,True,True,4096,True,/home/msy2025/quantization_graph/results/disk_environment/.formal_runs/runs/formal_diskenv_20260826_043617_05a/05A_disk_quantizer_io/agnews/artifacts/test/SQ_4bit__payload_on_ssd__B2__c0__w1__r0.json
05a,agnews,SQ_4bit,payload_on_ssd,test,formal_diskenv_20260826_043617_05a,0,1,fixed_candidates_k260,rerank_candidates=260,260,,c0,1,0.9457,30.1033377885,33207.105708,30183.326,40239.433,40625.228,0.9457,0.0299732376708,0.0486552141607,0.0637002020202,375.683616638,0,,,52293632,259.084,259.72,1063813.12,32812.505023,370.472806,0,15.693573,0,0,260,,,,,,,1000,01_quantizer_fair,faiss::ScalarQuantizer(QT_4bit),05a-faiss-sq4-native-odirect-v1,ac6281f3c74243614c2779b5025d952cb0d4d247b55bb979846258d6ebf03e19,63ef625c7a9713ee555564f5ba3a211b10897e87616d3f7507d196bc6e386244,f270a9bd17e9e34487a9a09b6f0edb1ab513bca34292fe24b5171dc168cf9601,a0419a01095031fbe4ec00f92f55dfb6a54109fa4ea96d66ca36790e466c2c58,b92fae6ca12d310618d7bb738af1a11fcfe1af1d0a8fa843af640e89d0ab3a51,20260813,,,,True,True,4096,True,/home/msy2025/quantization_graph/results/disk_environment/.formal_runs/runs/formal_diskenv_20260826_043617_05a/05A_disk_quantizer_io/agnews/artifacts/test/SQ_4bit__payload_on_ssd__B2__c0__w1__r0.json
05a,agnews,SQ_4bit,payload_on_ssd,test,formal_diskenv_20260826_043617_05a,0,1,fixed_candidates_k300,rerank_candidates=300,300,,c0,1,0.9457,26.1076921458,38290.715388,39656.776,40360.251,41696.64,0.9457,0.0293076628408,0.0478473172052,0.0637002020202,375.683616638,0,,,52293632,298.744,299.613,1227214.848,37836.217739,426.623415,0,17.997918,0,0,300,,,,,,,1000,01_quantizer_fair,faiss::ScalarQuantizer(QT_4bit),05a-faiss-sq4-native-odirect-v1,ac6281f3c74243614c2779b5025d952cb0d4d247b55bb979846258d6ebf03e19,63ef625c7a9713ee555564f5ba3a211b10897e87616d3f7507d196bc6e386244,f270a9bd17e9e34487a9a09b6f0edb1ab513bca34292fe24b5171dc168cf9601,a0419a01095031fbe4ec00f92f55dfb6a54109fa4ea96d66ca36790e466c2c58,b92fae6ca12d310618d7bb738af1a11fcfe1af1d0a8fa843af640e89d0ab3a51,20260813,,,,True,True,4096,True,/home/msy2025/quantization_graph/results/disk_environment/.formal_runs/runs/formal_diskenv_20260826_043617_05a/05A_disk_quantizer_io/agnews/artifacts/test/SQ_4bit__payload_on_ssd__B2__c0__w1__r0.json
05a,agnews,SQ_4bit,payload_on_ssd,test,formal_diskenv_20260826_043617_05a,0,1,fixed_candidates_k340,rerank_candidates=340,340,,c0,1,0.9457,23.0489730196,43373.791287,40945.412,49940.196,50117.203,0.9457,0.0287670014267,0.0472141331068,0.0637002020202,375.683616638,0,,,52293632,338.344,339.491,1390555.136,42858.22416,482.750374,0,20.992039,0,0,340,,,,,,,1000,01_quantizer_fair,faiss::ScalarQuantizer(QT_4bit),05a-faiss-sq4-native-odirect-v1,ac6281f3c74243614c2779b5025d952cb0d4d247b55bb979846258d6ebf03e19,63ef625c7a9713ee555564f5ba3a211b10897e87616d3f7507d196bc6e386244,f270a9bd17e9e34487a9a09b6f0edb1ab513bca34292fe24b5171dc168cf9601,a0419a01095031fbe4ec00f92f55dfb6a54109fa4ea96d66ca36790e466c2c58,b92fae6ca12d310618d7bb738af1a11fcfe1af1d0a8fa843af640e89d0ab3a51,20260813,,,,True,True,4096,True,/home/msy2025/quantization_graph/results/disk_environment/.formal_runs/runs/formal_diskenv_20260826_043617_05a/05A_disk_quantizer_io/agnews/artifacts/test/SQ_4bit__payload_on_ssd__B2__c0__w1__r0.json
05a,agnews,SQ_4bit,payload_on_ssd,test,formal_diskenv_20260826_043617_05a,0,1,fixed_candidates_k380,rerank_candidates=380,380,,c0,1,0.9457,20.6416015046,48433.94736,49934.365,50318.887,50852.538,0.9457,0.0283128833969,0.0466480127083,0.0637002020202,375.683616638,0,,,52293632,377.899,379.364,1553874.944,47852.928484,542.843021,0,24.12453,0,0,380,,,,,,,1000,01_quantizer_fair,faiss::ScalarQuantizer(QT_4bit),05a-faiss-sq4-native-odirect-v1,ac6281f3c74243614c2779b5025d952cb0d4d247b55bb979846258d6ebf03e19,63ef625c7a9713ee555564f5ba3a211b10897e87616d3f7507d196bc6e386244,f270a9bd17e9e34487a9a09b6f0edb1ab513bca34292fe24b5171dc168cf9601,a0419a01095031fbe4ec00f92f55dfb6a54109fa4ea96d66ca36790e466c2c58,b92fae6ca12d310618d7bb738af1a11fcfe1af1d0a8fa843af640e89d0ab3a51,20260813,,,,True,True,4096,True,/home/msy2025/quantization_graph/results/disk_environment/.formal_runs/runs/formal_diskenv_20260826_043617_05a/05A_disk_quantizer_io/agnews/artifacts/test/SQ_4bit__payload_on_ssd__B2__c0__w1__r0.json
05a,agnews,SQ_4bit,payload_on_ssd,test,formal_diskenv_20260826_043617_05a,0,1,fixed_candidates_k420,rerank_candidates=420,420,,c0,1,0.9457,18.6661733818,53560.763466,51188.871,59927.979,60266.233,0.9457,0.0279159823849,0.0461831044411,0.0637002020202,375.683616638,0,,,52293632,417.411,419.217,1717112.832,52919.182422,599.489772,0,26.55542,0,0,420,,,,,,,1000,01_quantizer_fair,faiss::ScalarQuantizer(QT_4bit),05a-faiss-sq4-native-odirect-v1,ac6281f3c74243614c2779b5025d952cb0d4d247b55bb979846258d6ebf03e19,63ef625c7a9713ee555564f5ba3a211b10897e87616d3f7507d196bc6e386244,f270a9bd17e9e34487a9a09b6f0edb1ab513bca34292fe24b5171dc168cf9601,a0419a01095031fbe4ec00f92f55dfb6a54109fa4ea96d66ca36790e466c2c58,b92fae6ca12d310618d7bb738af1a11fcfe1af1d0a8fa843af640e89d0ab3a51,20260813,,,,True,True,4096,True,/home/msy2025/quantization_graph/results/disk_environment/.formal_runs/runs/formal_diskenv_20260826_043617_05a/05A_disk_quantizer_io/agnews/artifacts/test/SQ_4bit__payload_on_ssd__B2__c0__w1__r0.json
05a,agnews,SQ_4bit,payload_on_ssd,test,formal_diskenv_20260826_043617_05a,0,1,fixed_candidates_k460,rerank_candidates=460,460,,c0,1,0.9457,17.0669373938,58576.679639,59783.03,60340.497,62400.479,0.9457,0.0275723537091,0.0457515525161,0.0637002020202,375.683616638,0,,,52293632,456.88,459.057,1880297.472,57873.1521,656.968914,0,29.454439,0,0,460,,,,,,,1000,01_quantizer_fair,faiss::ScalarQuantizer(QT_4bit),05a-faiss-sq4-native-odirect-v1,ac6281f3c74243614c2779b5025d952cb0d4d247b55bb979846258d6ebf03e19,63ef625c7a9713ee555564f5ba3a211b10897e87616d3f7507d196bc6e386244,f270a9bd17e9e34487a9a09b6f0edb1ab513bca34292fe24b5171dc168cf9601,a0419a01095031fbe4ec00f92f55dfb6a54109fa4ea96d66ca36790e466c2c58,b92fae6ca12d310618d7bb738af1a11fcfe1af1d0a8fa843af640e89d0ab3a51,20260813,,,,True,True,4096,True,/home/msy2025/quantization_graph/results/disk_environment/.formal_runs/runs/formal_diskenv_20260826_043617_05a/05A_disk_quantizer_io/agnews/artifacts/test/SQ_4bit__payload_on_ssd__B2__c0__w1__r0.json
05a,agnews,SAQ_B4,resident,test,formal_diskenv_20260826_043617_05a,0,1,fixed_candidates_k10,rerank_candidates=10,10,,c0,1,1,20974.1221281,47.232494,48.055,62.203,78.574,1,0.010400725482,0.01471398548,0.00964444444444,476.314169884,474587136,,,558948352,0,0,0,0,46.52849,0,0.605854,0,0,10,,,,,,,1000,01_quantizer_fair,official SAQ B=4 distance kernel,05a-saq-b4-native-odirect-v1,3dcadae2e84bad3e6350698617b3786b4c9a68b58ec309daacf576a596eb4b61,63ef625c7a9713ee555564f5ba3a211b10897e87616d3f7507d196bc6e386244,ac76f382baf55da7bbc61ba5baaa2d77f678f65a9439847b3c294f9e486eccc6,a0419a01095031fbe4ec00f92f55dfb6a54109fa4ea96d66ca36790e466c2c58,b92fae6ca12d310618d7bb738af1a11fcfe1af1d0a8fa843af640e89d0ab3a51,20260813,,,,False,False,4096,True,/home/msy2025/quantization_graph/results/disk_environment/.formal_runs/runs/formal_diskenv_20260826_043617_05a/05A_disk_quantizer_io/agnews/artifacts/test/SAQ_B4__resident__B2__c0__w1__r0.json
05a,agnews,SAQ_B4,resident,test,formal_diskenv_20260826_043617_05a,0,1,fixed_candidates_k11,rerank_candidates=11,11,,c0,1,0.9913,20164.0514967,49.177316,49.171,69.473,82.632,0.9913,0.00959342384383,0.0133650481049,0.00970909090909,476.314169884,474587136,,,558948352,0,0,0,0,48.506994,0,0.57216,0,0,11,,,,,,,1000,01_quantizer_fair,official SAQ B=4 distance kernel,05a-saq-b4-native-odirect-v1,3dcadae2e84bad3e6350698617b3786b4c9a68b58ec309daacf576a596eb4b61,63ef625c7a9713ee555564f5ba3a211b10897e87616d3f7507d196bc6e386244,ac76f382baf55da7bbc61ba5baaa2d77f678f65a9439847b3c294f9e486eccc6,a0419a01095031fbe4ec00f92f55dfb6a54109fa4ea96d66ca36790e466c2c58,b92fae6ca12d310618d7bb738af1a11fcfe1af1d0a8fa843af640e89d0ab3a51,20260813,,,,False,False,4096,True,/home/msy2025/quantization_graph/results/disk_environment/.formal_runs/runs/formal_diskenv_20260826_043617_05a/05A_disk_quantizer_io/agnews/artifacts/test/SAQ_B4__resident__B2__c0__w1__r0.json
05a,agnews,SAQ_B4,resident,test,formal_diskenv_20260826_043617_05a,0,1,fixed_candidates_k12,rerank_candidates=12,12,,c0,1,0.991,20550.3883088,48.201298,47.96,64.734,85.035,0.991,0.00892152742394,0.0119890135193,0.00937878787879,476.314169884,474587136,,,558948352,0,0,0,0,47.550212,0,0.545491,0,0,12,,,,,,,1000,01_quantizer_fair,official SAQ B=4 distance kernel,05a-saq-b4-native-odirect-v1,3dcadae2e84bad3e6350698617b3786b4c9a68b58ec309daacf576a596eb4b61,63ef625c7a9713ee555564f5ba3a211b10897e87616d3f7507d196bc6e386244,ac76f382baf55da7bbc61ba5baaa2d77f678f65a9439847b3c294f9e486eccc6,a0419a01095031fbe4ec00f92f55dfb6a54109fa4ea96d66ca36790e466c2c58,b92fae6ca12d310618d7bb738af1a11fcfe1af1d0a8fa843af640e89d0ab3a51,20260813,,,,False,False,4096,True,/home/msy2025/quantization_graph/results/disk_environment/.formal_runs/runs/formal_diskenv_20260826_043617_05a/05A_disk_quantizer_io/agnews/artifacts/test/SAQ_B4__resident__B2__c0__w1__r0.json
05a,agnews,SAQ_B4,resident,test,formal_diskenv_20260826_043617_05a,0,1,fixed_candidates_k13,rerank_candidates=13,13,,c0,1,0.991,19619.2307543,50.534638,51.215,69.038,88.487,0.991,0.00835155305142,0.0110351873637,0.00937179487179,476.314169884,474587136,,,558948352,0,0,0,0,49.903304,0,0.530339,0,0,13,,,,,,,1000,01_quantizer_fair,official SAQ B=4 distance kernel,05a-saq-b4-native-odirect-v1,3dcadae2e84bad3e6350698617b3786b4c9a68b58ec309daacf576a596eb4b61,63ef625c7a9713ee555564f5ba3a211b10897e87616d3f7507d196bc6e386244,ac76f382baf55da7bbc61ba5baaa2d77f678f65a9439847b3c294f9e486eccc6,a0419a01095031fbe4ec00f92f55dfb6a54109fa4ea96d66ca36790e466c2c58,b92fae6ca12d310618d7bb738af1a11fcfe1af1d0a8fa843af640e89d0ab3a51,20260813,,,,False,False,4096,True,/home/msy2025/quantization_graph/results/disk_environment/.formal_runs/runs/formal_diskenv_20260826_043617_05a/05A_disk_quantizer_io/agnews/artifacts/test/SAQ_B4__resident__B2__c0__w1__r0.json
05a,agnews,SAQ_B4,resident,test,formal_diskenv_20260826_043617_05a,0,1,fixed_candidates_k14,rerank_candidates=14,14,,c0,1,0.991,18509.2875255,53.576876,53.609,76.528,92.588,0.991,0.00785773652483,0.0100763615502,0.00928571428571,476.314169884,474587136,,,558948352,0,0,0,0,52.926949,0,0.549695,0,0,14,,,,,,,1000,01_quantizer_fair,official SAQ B=4 distance kernel,05a-saq-b4-native-odirect-v1,3dcadae2e84bad3e6350698617b3786b4c9a68b58ec309daacf576a596eb4b61,63ef625c7a9713ee555564f5ba3a211b10897e87616d3f7507d196bc6e386244,ac76f382baf55da7bbc61ba5baaa2d77f678f65a9439847b3c294f9e486eccc6,a0419a01095031fbe4ec00f92f55dfb6a54109fa4ea96d66ca36790e466c2c58,b92fae6ca12d310618d7bb738af1a11fcfe1af1d0a8fa843af640e89d0ab3a51,20260813,,,,False,False,4096,True,/home/msy2025/quantization_graph/results/disk_environment/.formal_runs/runs/formal_diskenv_20260826_043617_05a/05A_disk_quantizer_io/agnews/artifacts/test/SAQ_B4__resident__B2__c0__w1__r0.json
05a,agnews,SAQ_B4,resident,test,formal_diskenv_20260826_043617_05a,0,1,fixed_candidates_k15,rerank_candidates=15,15,,c0,1,0.991,17837.2874081,55.612107,56.216,78.206,95.275,0.991,0.00742906176485,0.0095770610917,0.0094,476.314169884,474587136,,,558948352,0,0,0,0,54.945652,0,0.565883,0,0,15,,,,,,,1000,01_quantizer_fair,official SAQ B=4 distance kernel,05a-saq-b4-native-odirect-v1,3dcadae2e84bad3e6350698617b3786b4c9a68b58ec309daacf576a596eb4b61,63ef625c7a9713ee555564f5ba3a211b10897e87616d3f7507d196bc6e386244,ac76f382baf55da7bbc61ba5baaa2d77f678f65a9439847b3c294f9e486eccc6,a0419a01095031fbe4ec00f92f55dfb6a54109fa4ea96d66ca36790e466c2c58,b92fae6ca12d310618d7bb738af1a11fcfe1af1d0a8fa843af640e89d0ab3a51,20260813,,,,False,False,4096,True,/home/msy2025/quantization_graph/results/disk_environment/.formal_runs/runs/formal_diskenv_20260826_043617_05a/05A_disk_quantizer_io/agnews/artifacts/test/SAQ_B4__resident__B2__c0__w1__r0.json
05a,agnews,SAQ_B4,resident,test,formal_diskenv_20260826_043617_05a,0,1,fixed_candidates_k16,rerank_candidates=16,16,,c0,1,0.991,17204.2025118,57.672751,58.226,80.96,98.685,0.991,0.00705744218694,0.0091331082786,0.009425,476.314169884,474587136,,,558948352,0,0,0,0,56.942978,0,0.627462,0,0,16,,,,,,,1000,01_quantizer_fair,official SAQ B=4 distance kernel,05a-saq-b4-native-odirect-v1,3dcadae2e84bad3e6350698617b3786b4c9a68b58ec309daacf576a596eb4b61,63ef625c7a9713ee555564f5ba3a211b10897e87616d3f7507d196bc6e386244,ac76f382baf55da7bbc61ba5baaa2d77f678f65a9439847b3c294f9e486eccc6,a0419a01095031fbe4ec00f92f55dfb6a54109fa4ea96d66ca36790e466c2c58,b92fae6ca12d310618d7bb738af1a11fcfe1af1d0a8fa843af640e89d0ab3a51,20260813,,,,False,False,4096,True,/home/msy2025/quantization_graph/results/disk_environment/.formal_runs/runs/formal_diskenv_20260826_043617_05a/05A_disk_quantizer_io/agnews/artifacts/test/SAQ_B4__resident__B2__c0__w1__r0.json
05a,agnews,SAQ_B4,resident,test,formal_diskenv_20260826_043617_05a,0,1,fixed_candidates_k17,rerank_candidates=17,17,,c0,1,0.991,16269.1905474,61.019523,61.843,86.415,102.541,0.991,0.00672334551299,0.00857888783962,0.00928676470588,476.314169884,474587136,,,558948352,0,0,0,0,60.101057,0,0.820466,0,0,17,,,,,,,1000,01_quantizer_fair,official SAQ B=4 distance kernel,05a-saq-b4-native-odirect-v1,3dcadae2e84bad3e6350698617b3786b4c9a68b58ec309daacf576a596eb4b61,63ef625c7a9713ee555564f5ba3a211b10897e87616d3f7507d196bc6e386244,ac76f382baf55da7bbc61ba5baaa2d77f678f65a9439847b3c294f9e486eccc6,a0419a01095031fbe4ec00f92f55dfb6a54109fa4ea96d66ca36790e466c2c58,b92fae6ca12d310618d7bb738af1a11fcfe1af1d0a8fa843af640e89d0ab3a51,20260813,,,,False,False,4096,True,/home/msy2025/quantization_graph/results/disk_environment/.formal_runs/runs/formal_diskenv_20260826_043617_05a/05A_disk_quantizer_io/agnews/artifacts/test/SAQ_B4__resident__B2__c0__w1__r0.json
05a,agnews,SAQ_B4,resident,test,formal_diskenv_20260826_043617_05a,0,1,fixed_candidates_k18,rerank_candidates=18,18,,c0,1,0.991,15592.676625,63.693972,64.348,91.596,109.52,0.991,0.00642479876745,0.00814335469261,0.00926797385621,476.314169884,474587136,,,558948352,0,0,0,0,62.732498,0,0.863751,0,0,18,,,,,,,1000,01_quantizer_fair,official SAQ B=4 distance kernel,05a-saq-b4-native-odirect-v1,3dcadae2e84bad3e6350698617b3786b4c9a68b58ec309daacf576a596eb4b61,63ef625c7a9713ee555564f5ba3a211b10897e87616d3f7507d196bc6e386244,ac76f382baf55da7bbc61ba5baaa2d77f678f65a9439847b3c294f9e486eccc6,a0419a01095031fbe4ec00f92f55dfb6a54109fa4ea96d66ca36790e466c2c58,b92fae6ca12d310618d7bb738af1a11fcfe1af1d0a8fa843af640e89d0ab3a51,20260813,,,,False,False,4096,True,/home/msy2025/quantization_graph/results/disk_environment/.formal_runs/runs/formal_diskenv_20260826_043617_05a/05A_disk_quantizer_io/agnews/artifacts/test/SAQ_B4__resident__B2__c0__w1__r0.json
05a,agnews,SAQ_B4,resident,test,formal_diskenv_20260826_043617_05a,0,1,fixed_candidates_k19,rerank_candidates=19,19,,c0,1,0.991,14299.8666595,69.447991,70.944,102.487,117.597,0.991,0.00615840407267,0.00778845131569,0.00919298245614,476.314169884,474587136,,,558948352,0,0,0,0,68.38207,0,0.967446,0,0,19,,,,,,,1000,01_quantizer_fair,official SAQ B=4 distance kernel,05a-saq-b4-native-odirect-v1,3dcadae2e84bad3e6350698617b3786b4c9a68b58ec309daacf576a596eb4b61,63ef625c7a9713ee555564f5ba3a211b10897e87616d3f7507d196bc6e386244,ac76f382baf55da7bbc61ba5baaa2d77f678f65a9439847b3c294f9e486eccc6,a0419a01095031fbe4ec00f92f55dfb6a54109fa4ea96d66ca36790e466c2c58,b92fae6ca12d310618d7bb738af1a11fcfe1af1d0a8fa843af640e89d0ab3a51,20260813,,,,False,False,4096,True,/home/msy2025/quantization_graph/results/disk_environment/.formal_runs/runs/formal_diskenv_20260826_043617_05a/05A_disk_quantizer_io/agnews/artifacts/test/SAQ_B4__resident__B2__c0__w1__r0.json
05a,agnews,SAQ_B4,resident,test,formal_diskenv_20260826_043617_05a,0,1,fixed_candidates_k20,rerank_candidates=20,20,,c0,1,0.991,13269.5850085,74.89703,75.068,112.425,132.371,0.991,0.00591596355578,0.00746362843831,0.00924736842105,476.314169884,474587136,,,558948352,0,0,0,0,73.622815,0,1.165499,0,0,20,,,,,,,1000,01_quantizer_fair,official SAQ B=4 distance kernel,05a-saq-b4-native-odirect-v1,3dcadae2e84bad3e6350698617b3786b4c9a68b58ec309daacf576a596eb4b61,63ef625c7a9713ee555564f5ba3a211b10897e87616d3f7507d196bc6e386244,ac76f382baf55da7bbc61ba5baaa2d77f678f65a9439847b3c294f9e486eccc6,a0419a01095031fbe4ec00f92f55dfb6a54109fa4ea96d66ca36790e466c2c58,b92fae6ca12d310618d7bb738af1a11fcfe1af1d0a8fa843af640e89d0ab3a51,20260813,,,,False,False,4096,True,/home/msy2025/quantization_graph/results/disk_environment/.formal_runs/runs/formal_diskenv_20260826_043617_05a/05A_disk_quantizer_io/agnews/artifacts/test/SAQ_B4__resident__B2__c0__w1__r0.json
05a,agnews,SAQ_B4,resident,test,formal_diskenv_20260826_043617_05a,0,1,fixed_candidates_k21,rerank_candidates=21,21,,c0,1,0.991,13598.071652,73.085944,74.423,107.172,122.22,0.991,0.00569461497873,0.0071815448891,0.00911904761905,476.314169884,474587136,,,558948352,0,0,0,0,71.887685,0,1.075204,0,0,21,,,,,,,1000,01_quantizer_fair,official SAQ B=4 distance kernel,05a-saq-b4-native-odirect-v1,3dcadae2e84bad3e6350698617b3786b4c9a68b58ec309daacf576a596eb4b61,63ef625c7a9713ee555564f5ba3a211b10897e87616d3f7507d196bc6e386244,ac76f382baf55da7bbc61ba5baaa2d77f678f65a9439847b3c294f9e486eccc6,a0419a01095031fbe4ec00f92f55dfb6a54109fa4ea96d66ca36790e466c2c58,b92fae6ca12d310618d7bb738af1a11fcfe1af1d0a8fa843af640e89d0ab3a51,20260813,,,,False,False,4096,True,/home/msy2025/quantization_graph/results/disk_environment/.formal_runs/runs/formal_diskenv_20260826_043617_05a/05A_disk_quantizer_io/agnews/artifacts/test/SAQ_B4__resident__B2__c0__w1__r0.json
05a,agnews,SAQ_B4,resident,test,formal_diskenv_20260826_043617_05a,0,1,fixed_candidates_k22,rerank_candidates=22,22,,c0,1,0.991,13065.7166218,76.092515,76.76,112.948,130.37,0.991,0.00549248965928,0.00695524018284,0.00897835497835,476.314169884,474587136,,,558948352,0,0,0,0,74.837784,0,1.120349,0,0,22,,,,,,,1000,01_quantizer_fair,official SAQ B=4 distance kernel,05a-saq-b4-native-odirect-v1,3dcadae2e84bad3e6350698617b3786b4c9a68b58ec309daacf576a596eb4b61,63ef625c7a9713ee555564f5ba3a211b10897e87616d3f7507d196bc6e386244,ac76f382baf55da7bbc61ba5baaa2d77f678f65a9439847b3c294f9e486eccc6,a0419a01095031fbe4ec00f92f55dfb6a54109fa4ea96d66ca36790e466c2c58,b92fae6ca12d310618d7bb738af1a11fcfe1af1d0a8fa843af640e89d0ab3a51,20260813,,,,False,False,4096,True,/home/msy2025/quantization_graph/results/disk_environment/.formal_runs/runs/formal_diskenv_20260826_043617_05a/05A_disk_quantizer_io/agnews/artifacts/test/SAQ_B4__resident__B2__c0__w1__r0.json
05a,agnews,SAQ_B4,resident,test,formal_diskenv_20260826_043617_05a,0,1,fixed_candidates_k23,rerank_candidates=23,23,,c0,1,0.991,12742.6858863,78.009237,78.106,116.233,130.623,0.991,0.00530718268808,0.00669884833583,0.00882213438735,476.314169884,474587136,,,558948352,0,0,0,0,76.707233,0,1.198119,0,0,23,,,,,,,1000,01_quantizer_fair,official SAQ B=4 distance kernel,05a-saq-b4-native-odirect-v1,3dcadae2e84bad3e6350698617b3786b4c9a68b58ec309daacf576a596eb4b61,63ef625c7a9713ee555564f5ba3a211b10897e87616d3f7507d196bc6e386244,ac76f382baf55da7bbc61ba5baaa2d77f678f65a9439847b3c294f9e486eccc6,a0419a01095031fbe4ec00f92f55dfb6a54109fa4ea96d66ca36790e466c2c58,b92fae6ca12d310618d7bb738af1a11fcfe1af1d0a8fa843af640e89d0ab3a51,20260813,,,,False,False,4096,True,/home/msy2025/quantization_graph/results/disk_environment/.formal_runs/runs/formal_diskenv_20260826_043617_05a/05A_disk_quantizer_io/agnews/artifacts/test/SAQ_B4__resident__B2__c0__w1__r0.json
05a,agnews,SAQ_B4,resident,test,formal_diskenv_20260826_043617_05a,0,1,fixed_candidates_k24,rerank_candidates=24,24,,c0,1,0.991,11793.8949398,84.330214,84.512,126.923,143.397,0.991,0.00513696713049,0.00653636669847,0.00872826086957,476.314169884,474587136,,,558948352,0,0,0,0,82.90806,0,1.309446,0,0,24,,,,,,,1000,01_quantizer_fair,official SAQ B=4 distance kernel,05a-saq-b4-native-odirect-v1,3dcadae2e84bad3e6350698617b3786b4c9a68b58ec309daacf576a596eb4b61,63ef625c7a9713ee555564f5ba3a211b10897e87616d3f7507d196bc6e386244,ac76f382baf55da7bbc61ba5baaa2d77f678f65a9439847b3c294f9e486eccc6,a0419a01095031fbe4ec00f92f55dfb6a54109fa4ea96d66ca36790e466c2c58,b92fae6ca12d310618d7bb738af1a11fcfe1af1d0a8fa843af640e89d0ab3a51,20260813,,,,False,False,4096,True,/home/msy2025/quantization_graph/results/disk_environment/.formal_runs/runs/formal_diskenv_20260826_043617_05a/05A_disk_quantizer_io/agnews/artifacts/test/SAQ_B4__resident__B2__c0__w1__r0.json
05a,agnews,SAQ_B4,resident,test,formal_diskenv_20260826_043617_05a,0,1,fixed_candidates_k25,rerank_candidates=25,25,,c0,1,0.991,11479.8240542,86.672287,85.974,133.464,155.503,0.991,0.00498027973756,0.00637492059067,0.00862333333333,476.314169884,474587136,,,558948352,0,0,0,0,85.235646,0,1.325338,0,0,25,,,,,,,1000,01_quantizer_fair,official SAQ B=4 distance kernel,05a-saq-b4-native-odirect-v1,3dcadae2e84bad3e6350698617b3786b4c9a68b58ec309daacf576a596eb4b61,63ef625c7a9713ee555564f5ba3a211b10897e87616d3f7507d196bc6e386244,ac76f382baf55da7bbc61ba5baaa2d77f678f65a9439847b3c294f9e486eccc6,a0419a01095031fbe4ec00f92f55dfb6a54109fa4ea96d66ca36790e466c2c58,b92fae6ca12d310618d7bb738af1a11fcfe1af1d0a8fa843af640e89d0ab3a51,20260813,,,,False,False,4096,True,/home/msy2025/quantization_graph/results/disk_environment/.formal_runs/runs/formal_diskenv_20260826_043617_05a/05A_disk_quantizer_io/agnews/artifacts/test/SAQ_B4__resident__B2__c0__w1__r0.json
05a,agnews,SAQ_B4,resident,test,formal_diskenv_20260826_043617_05a,0,1,fixed_candidates_k26,rerank_candidates=26,26,,c0,1,0.991,11575.1174423,85.928161,85.414,130.826,151.525,0.991,0.00483658177236,0.00622735472619,0.00857846153846,476.314169884,474587136,,,558948352,0,0,0,0,84.479688,0,1.346618,0,0,26,,,,,,,1000,01_quantizer_fair,official SAQ B=4 distance kernel,05a-saq-b4-native-odirect-v1,3dcadae2e84bad3e6350698617b3786b4c9a68b58ec309daacf576a596eb4b61,63ef625c7a9713ee555564f5ba3a211b10897e87616d3f7507d196bc6e386244,ac76f382baf55da7bbc61ba5baaa2d77f678f65a9439847b3c294f9e486eccc6,a0419a01095031fbe4ec00f92f55dfb6a54109fa4ea96d66ca36790e466c2c58,b92fae6ca12d310618d7bb738af1a11fcfe1af1d0a8fa843af640e89d0ab3a51,20260813,,,,False,False,4096,True,/home/msy2025/quantization_graph/results/disk_environment/.formal_runs/runs/formal_diskenv_20260826_043617_05a/05A_disk_quantizer_io/agnews/artifacts/test/SAQ_B4__resident__B2__c0__w1__r0.json
05a,agnews,SAQ_B4,resident,test,formal_diskenv_20260826_043617_05a,0,1,fixed_candidates_k27,rerank_candidates=27,27,,c0,1,0.991,11567.6374336,85.995124,85.588,130.911,146.482,0.991,0.00470171660336,0.00604438426363,0.00870085470085,476.314169884,474587136,,,558948352,0,0,0,0,84.526136,0,1.367429,0,0,27,,,,,,,1000,01_quantizer_fair,official SAQ B=4 distance kernel,05a-saq-b4-native-odirect-v1,3dcadae2e84bad3e6350698617b3786b4c9a68b58ec309daacf576a596eb4b61,63ef625c7a9713ee555564f5ba3a211b10897e87616d3f7507d196bc6e386244,ac76f382baf55da7bbc61ba5baaa2d77f678f65a9439847b3c294f9e486eccc6,a0419a01095031fbe4ec00f92f55dfb6a54109fa4ea96d66ca36790e466c2c58,b92fae6ca12d310618d7bb738af1a11fcfe1af1d0a8fa843af640e89d0ab3a51,20260813,,,,False,False,4096,True,/home/msy2025/quantization_graph/results/disk_environment/.formal_runs/runs/formal_diskenv_20260826_043617_05a/05A_disk_quantizer_io/agnews/artifacts/test/SAQ_B4__resident__B2__c0__w1__r0.json
05a,agnews,SAQ_B4,resident,test,formal_diskenv_20260826_043617_05a,0,1,fixed_candidates_k28,rerank_candidates=28,28,,c0,1,0.991,11462.6888446,86.7939,87.073,131.637,147.812,0.991,0.00457659152119,0.0058930259513,0.00872222222222,476.314169884,474587136,,,558948352,0,0,0,0,85.26591,0,1.426272,0,0,28,,,,,,,1000,01_quantizer_fair,official SAQ B=4 distance kernel,05a-saq-b4-native-odirect-v1,3dcadae2e84bad3e6350698617b3786b4c9a68b58ec309daacf576a596eb4b61,63ef625c7a9713ee555564f5ba3a211b10897e87616d3f7507d196bc6e386244,ac76f382baf55da7bbc61ba5baaa2d77f678f65a9439847b3c294f9e486eccc6,a0419a01095031fbe4ec00f92f55dfb6a54109fa4ea96d66ca36790e466c2c58,b92fae6ca12d310618d7bb738af1a11fcfe1af1d0a8fa843af640e89d0ab3a51,20260813,,,,False,False,4096,True,/home/msy2025/quantization_graph/results/disk_environment/.formal_runs/runs/formal_diskenv_20260826_043617_05a/05A_disk_quantizer_io/agnews/artifacts/test/SAQ_B4__resident__B2__c0__w1__r0.json
05a,agnews,SAQ_B4,resident,test,formal_diskenv_20260826_043617_05a,0,1,fixed_candidates_k29,rerank_candidates=29,29,,c0,1,0.991,11152.2887067,89.200117,89.87,135.527,154.403,0.991,0.00445941098877,0.00578784910995,0.00865270935961,476.314169884,474587136,,,558948352,0,0,0,0,87.616074,0,1.481718,0,0,29,,,,,,,1000,01_quantizer_fair,official SAQ B=4 distance kernel,05a-saq-b4-native-odirect-v1,3dcadae2e84bad3e6350698617b3786b4c9a68b58ec309daacf576a596eb4b61,63ef625c7a9713ee555564f5ba3a211b10897e87616d3f7507d196bc6e386244,ac76f382baf55da7bbc61ba5baaa2d77f678f65a9439847b3c294f9e486eccc6,a0419a01095031fbe4ec00f92f55dfb6a54109fa4ea96d66ca36790e466c2c58,b92fae6ca12d310618d7bb738af1a11fcfe1af1d0a8fa843af640e89d0ab3a51,20260813,,,,False,False,4096,True,/home/msy2025/quantization_graph/results/disk_environment/.formal_runs/runs/formal_diskenv_20260826_043617_05a/05A_disk_quantizer_io/agnews/artifacts/test/SAQ_B4__resident__B2__c0__w1__r0.json
05a,agnews,SAQ_B4,resident,test,formal_diskenv_20260826_043617_05a,0,1,fixed_candidates_k30,rerank_candidates=30,30,,c0,1,0.991,10905.2935669,91.234159,91.728,139.074,151.641,0.991,0.00435091711637,0.00565460702964,0.00864137931034,476.314169884,474587136,,,558948352,0,0,0,0,89.628039,0,1.504095,0,0,30,,,,,,,1000,01_quantizer_fair,official SAQ B=4 distance kernel,05a-saq-b4-native-odirect-v1,3dcadae2e84bad3e6350698617b3786b4c9a68b58ec309daacf576a596eb4b61,63ef625c7a9713ee555564f5ba3a211b10897e87616d3f7507d196bc6e386244,ac76f382baf55da7bbc61ba5baaa2d77f678f65a9439847b3c294f9e486eccc6,a0419a01095031fbe4ec00f92f55dfb6a54109fa4ea96d66ca36790e466c2c58,b92fae6ca12d310618d7bb738af1a11fcfe1af1d0a8fa843af640e89d0ab3a51,20260813,,,,False,False,4096,True,/home/msy2025/quantization_graph/results/disk_environment/.formal_runs/runs/formal_diskenv_20260826_043617_05a/05A_disk_quantizer_io/agnews/artifacts/test/SAQ_B4__resident__B2__c0__w1__r0.json
05a,agnews,SAQ_B4,resident,test,formal_diskenv_20260826_043617_05a,0,1,fixed_candidates_k40,rerank_candidates=40,40,,c0,1,0.991,8636.96564465,115.314437,115.219,183.455,202.156,0.991,0.0035441111937,0.00484837498144,0.00843205128205,476.314169884,474587136,,,558948352,0,0,0,0,113.133681,0,2.073917,0,0,40,,,,,,,1000,01_quantizer_fair,official SAQ B=4 distance kernel,05a-saq-b4-native-odirect-v1,3dcadae2e84bad3e6350698617b3786b4c9a68b58ec309daacf576a596eb4b61,63ef625c7a9713ee555564f5ba3a211b10897e87616d3f7507d196bc6e386244,ac76f382baf55da7bbc61ba5baaa2d77f678f65a9439847b3c294f9e486eccc6,a0419a01095031fbe4ec00f92f55dfb6a54109fa4ea96d66ca36790e466c2c58,b92fae6ca12d310618d7bb738af1a11fcfe1af1d0a8fa843af640e89d0ab3a51,20260813,,,,False,False,4096,True,/home/msy2025/quantization_graph/results/disk_environment/.formal_runs/runs/formal_diskenv_20260826_043617_05a/05A_disk_quantizer_io/agnews/artifacts/test/SAQ_B4__resident__B2__c0__w1__r0.json
05a,agnews,SAQ_B4,resident,test,formal_diskenv_20260826_043617_05a,0,1,fixed_candidates_k50,rerank_candidates=50,50,,c0,1,0.991,6951.15138837,143.381953,142.903,236.084,268.925,0.991,0.00305478116039,0.00436425251534,0.00844408163265,476.314169884,474587136,,,558948352,0,0,0,0,140.522066,0,2.751754,0,0,50,,,,,,,1000,01_quantizer_fair,official SAQ B=4 distance kernel,05a-saq-b4-native-odirect-v1,3dcadae2e84bad3e6350698617b3786b4c9a68b58ec309daacf576a596eb4b61,63ef625c7a9713ee555564f5ba3a211b10897e87616d3f7507d196bc6e386244,ac76f382baf55da7bbc61ba5baaa2d77f678f65a9439847b3c294f9e486eccc6,a0419a01095031fbe4ec00f92f55dfb6a54109fa4ea96d66ca36790e466c2c58,b92fae6ca12d310618d7bb738af1a11fcfe1af1d0a8fa843af640e89d0ab3a51,20260813,,,,False,False,4096,True,/home/msy2025/quantization_graph/results/disk_environment/.formal_runs/runs/formal_diskenv_20260826_043617_05a/05A_disk_quantizer_io/agnews/artifacts/test/SAQ_B4__resident__B2__c0__w1__r0.json
05a,agnews,SAQ_B4,resident,test,formal_diskenv_20260826_043617_05a,0,1,fixed_candidates_k60,rerank_candidates=60,60,,c0,1,0.991,6284.03365862,158.632419,156.312,259.231,282.657,0.991,0.00272128846404,0.00406027165085,0.00845028248588,476.314169884,474587136,,,558948352,0,0,0,0,155.307062,0,3.218363,0,0,60,,,,,,,1000,01_quantizer_fair,official SAQ B=4 distance kernel,05a-saq-b4-native-odirect-v1,3dcadae2e84bad3e6350698617b3786b4c9a68b58ec309daacf576a596eb4b61,63ef625c7a9713ee555564f5ba3a211b10897e87616d3f7507d196bc6e386244,ac76f382baf55da7bbc61ba5baaa2d77f678f65a9439847b3c294f9e486eccc6,a0419a01095031fbe4ec00f92f55dfb6a54109fa4ea96d66ca36790e466c2c58,b92fae6ca12d310618d7bb738af1a11fcfe1af1d0a8fa843af640e89d0ab3a51,20260813,,,,False,False,4096,True,/home/msy2025/quantization_graph/results/disk_environment/.formal_runs/runs/formal_diskenv_20260826_043617_05a/05A_disk_quantizer_io/agnews/artifacts/test/SAQ_B4__resident__B2__c0__w1__r0.json
05a,agnews,SAQ_B4,resident,test,formal_diskenv_20260826_043617_05a,0,1,fixed_candidates_k70,rerank_candidates=70,70,,c0,1,0.991,5414.10921518,184.188926,179.561,303.437,337.751,0.991,0.00248145852396,0.00383810026087,0.00840538302277,476.314169884,474587136,,,558948352,0,0,0,0,180.20721,0,3.863605,0,0,70,,,,,,,1000,01_quantizer_fair,official SAQ B=4 distance kernel,05a-saq-b4-native-odirect-v1,3dcadae2e84bad3e6350698617b3786b4c9a68b58ec309daacf576a596eb4b61,63ef625c7a9713ee555564f5ba3a211b10897e87616d3f7507d196bc6e386244,ac76f382baf55da7bbc61ba5baaa2d77f678f65a9439847b3c294f9e486eccc6,a0419a01095031fbe4ec00f92f55dfb6a54109fa4ea96d66ca36790e466c2c58,b92fae6ca12d310618d7bb738af1a11fcfe1af1d0a8fa843af640e89d0ab3a51,20260813,,,,False,False,4096,True,/home/msy2025/quantization_graph/results/disk_environment/.formal_runs/runs/formal_diskenv_20260826_043617_05a/05A_disk_quantizer_io/agnews/artifacts/test/SAQ_B4__resident__B2__c0__w1__r0.json
05a,agnews,SAQ_B4,resident,test,formal_diskenv_20260826_043617_05a,0,1,fixed_candidates_k80,rerank_candidates=80,80,,c0,1,0.991,4906.64819673,203.290884,199.02,332.236,362.122,0.991,0.00229704535355,0.00366617235129,0.00842879746835,476.314169884,474587136,,,558948352,0,0,0,0,198.731955,0,4.434563,0,0,80,,,,,,,1000,01_quantizer_fair,official SAQ B=4 distance kernel,05a-saq-b4-native-odirect-v1,3dcadae2e84bad3e6350698617b3786b4c9a68b58ec309daacf576a596eb4b61,63ef625c7a9713ee555564f5ba3a211b10897e87616d3f7507d196bc6e386244,ac76f382baf55da7bbc61ba5baaa2d77f678f65a9439847b3c294f9e486eccc6,a0419a01095031fbe4ec00f92f55dfb6a54109fa4ea96d66ca36790e466c2c58,b92fae6ca12d310618d7bb738af1a11fcfe1af1d0a8fa843af640e89d0ab3a51,20260813,,,,False,False,4096,True,/home/msy2025/quantization_graph/results/disk_environment/.formal_runs/runs/formal_diskenv_20260826_043617_05a/05A_disk_quantizer_io/agnews/artifacts/test/SAQ_B4__resident__B2__c0__w1__r0.json
05a,agnews,SAQ_B4,resident,test,formal_diskenv_20260826_043617_05a,0,1,fixed_candidates_k90,rerank_candidates=90,90,,c0,1,0.991,4387.05869452,227.390031,216.612,379.969,425.845,0.991,0.00215264037055,0.0035297797644,0.00842846441948,476.314169884,474587136,,,558948352,0,0,0,0,222.189342,0,5.082282,0,0,90,,,,,,,1000,01_quantizer_fair,official SAQ B=4 distance kernel,05a-saq-b4-native-odirect-v1,3dcadae2e84bad3e6350698617b3786b4c9a68b58ec309daacf576a596eb4b61,63ef625c7a9713ee555564f5ba3a211b10897e87616d3f7507d196bc6e386244,ac76f382baf55da7bbc61ba5baaa2d77f678f65a9439847b3c294f9e486eccc6,a0419a01095031fbe4ec00f92f55dfb6a54109fa4ea96d66ca36790e466c2c58,b92fae6ca12d310618d7bb738af1a11fcfe1af1d0a8fa843af640e89d0ab3a51,20260813,,,,False,False,4096,True,/home/msy2025/quantization_graph/results/disk_environment/.formal_runs/runs/formal_diskenv_20260826_043617_05a/05A_disk_quantizer_io/agnews/artifacts/test/SAQ_B4__resident__B2__c0__w1__r0.json
05a,agnews,SAQ_B4,resident,test,formal_diskenv_20260826_043617_05a,0,1,fixed_candidates_k100,rerank_candidates=100,100,,c0,1,0.991,3900.26136197,255.861212,248.355,432.469,479.383,0.991,0.00203646812671,0.00342148393383,0.00842141414141,476.314169884,474587136,,,558948352,0,0,0,0,250.033389,0,5.717683,0,0,100,,,,,,,1000,01_quantizer_fair,official SAQ B=4 distance kernel,05a-saq-b4-native-odirect-v1,3dcadae2e84bad3e6350698617b3786b4c9a68b58ec309daacf576a596eb4b61,63ef625c7a9713ee555564f5ba3a211b10897e87616d3f7507d196bc6e386244,ac76f382baf55da7bbc61ba5baaa2d77f678f65a9439847b3c294f9e486eccc6,a0419a01095031fbe4ec00f92f55dfb6a54109fa4ea96d66ca36790e466c2c58,b92fae6ca12d310618d7bb738af1a11fcfe1af1d0a8fa843af640e89d0ab3a51,20260813,,,,False,False,4096,True,/home/msy2025/quantization_graph/results/disk_environment/.formal_runs/runs/formal_diskenv_20260826_043617_05a/05A_disk_quantizer_io/agnews/artifacts/test/SAQ_B4__resident__B2__c0__w1__r0.json
05a,agnews,SAQ_B4,resident,test,formal_diskenv_20260826_043617_05a,0,1,fixed_candidates_k140,rerank_candidates=140,140,,c0,1,0.991,3053.75143653,326.884843,317.346,541.227,594.989,0.991,0.0017321988146,0.0031237454106,0.00842080808081,476.314169884,474587136,,,558948352,0,0,0,0,318.934158,0,7.840511,0,0,140,,,,,,,1000,01_quantizer_fair,official SAQ B=4 distance kernel,05a-saq-b4-native-odirect-v1,3dcadae2e84bad3e6350698617b3786b4c9a68b58ec309daacf576a596eb4b61,63ef625c7a9713ee555564f5ba3a211b10897e87616d3f7507d196bc6e386244,ac76f382baf55da7bbc61ba5baaa2d77f678f65a9439847b3c294f9e486eccc6,a0419a01095031fbe4ec00f92f55dfb6a54109fa4ea96d66ca36790e466c2c58,b92fae6ca12d310618d7bb738af1a11fcfe1af1d0a8fa843af640e89d0ab3a51,20260813,,,,False,False,4096,True,/home/msy2025/quantization_graph/results/disk_environment/.formal_runs/runs/formal_diskenv_20260826_043617_05a/05A_disk_quantizer_io/agnews/artifacts/test/SAQ_B4__resident__B2__c0__w1__r0.json
05a,agnews,SAQ_B4,resident,test,formal_diskenv_20260826_043617_05a,0,1,fixed_candidates_k180,rerank_candidates=180,180,,c0,1,0.991,2453.16545308,407.022639,393.958,666.388,743.134,0.991,0.00155618495074,0.00294905878829,0.00842080808081,476.314169884,474587136,,,558948352,0,0,0,0,396.600772,0,10.305752,0,0,180,,,,,,,1000,01_quantizer_fair,official SAQ B=4 distance kernel,05a-saq-b4-native-odirect-v1,3dcadae2e84bad3e6350698617b3786b4c9a68b58ec309daacf576a596eb4b61,63ef625c7a9713ee555564f5ba3a211b10897e87616d3f7507d196bc6e386244,ac76f382baf55da7bbc61ba5baaa2d77f678f65a9439847b3c294f9e486eccc6,a0419a01095031fbe4ec00f92f55dfb6a54109fa4ea96d66ca36790e466c2c58,b92fae6ca12d310618d7bb738af1a11fcfe1af1d0a8fa843af640e89d0ab3a51,20260813,,,,False,False,4096,True,/home/msy2025/quantization_graph/results/disk_environment/.formal_runs/runs/formal_diskenv_20260826_043617_05a/05A_disk_quantizer_io/agnews/artifacts/test/SAQ_B4__resident__B2__c0__w1__r0.json
05a,agnews,SAQ_B4,resident,test,formal_diskenv_20260826_043617_05a,0,1,fixed_candidates_k220,rerank_candidates=220,220,,c0,1,0.991,2039.07233709,489.76446,476.541,802.171,891.65,0.991,0.00144082828951,0.00283635337607,0.00842080808081,476.314169884,474587136,,,558948352,0,0,0,0,476.837479,0,12.814366,0,0,220,,,,,,,1000,01_quantizer_fair,official SAQ B=4 distance kernel,05a-saq-b4-native-odirect-v1,3dcadae2e84bad3e6350698617b3786b4c9a68b58ec309daacf576a596eb4b61,63ef625c7a9713ee555564f5ba3a211b10897e87616d3f7507d196bc6e386244,ac76f382baf55da7bbc61ba5baaa2d77f678f65a9439847b3c294f9e486eccc6,a0419a01095031fbe4ec00f92f55dfb6a54109fa4ea96d66ca36790e466c2c58,b92fae6ca12d310618d7bb738af1a11fcfe1af1d0a8fa843af640e89d0ab3a51,20260813,,,,False,False,4096,True,/home/msy2025/quantization_graph/results/disk_environment/.formal_runs/runs/formal_diskenv_20260826_043617_05a/05A_disk_quantizer_io/agnews/artifacts/test/SAQ_B4__resident__B2__c0__w1__r0.json
05a,agnews,SAQ_B4,resident,test,formal_diskenv_20260826_043617_05a,0,1,fixed_candidates_k260,rerank_candidates=260,260,,c0,1,0.991,1733.54864331,576.134291,559.108,928.991,1030.132,0.991,0.00135884230837,0.00275646610124,0.00842080808081,476.314169884,474587136,,,558948352,0,0,0,0,560.868115,0,15.152899,0,0,260,,,,,,,1000,01_quantizer_fair,official SAQ B=4 distance kernel,05a-saq-b4-native-odirect-v1,3dcadae2e84bad3e6350698617b3786b4c9a68b58ec309daacf576a596eb4b61,63ef625c7a9713ee555564f5ba3a211b10897e87616d3f7507d196bc6e386244,ac76f382baf55da7bbc61ba5baaa2d77f678f65a9439847b3c294f9e486eccc6,a0419a01095031fbe4ec00f92f55dfb6a54109fa4ea96d66ca36790e466c2c58,b92fae6ca12d310618d7bb738af1a11fcfe1af1d0a8fa843af640e89d0ab3a51,20260813,,,,False,False,4096,True,/home/msy2025/quantization_graph/results/disk_environment/.formal_runs/runs/formal_diskenv_20260826_043617_05a/05A_disk_quantizer_io/agnews/artifacts/test/SAQ_B4__resident__B2__c0__w1__r0.json
05a,agnews,SAQ_B4,resident,test,formal_diskenv_20260826_043617_05a,0,1,fixed_candidates_k300,rerank_candidates=300,300,,c0,1,0.991,1510.90081547,661.084523,643.013,1055.956,1187.919,0.991,0.00129729286635,0.00268937969776,0.00842080808081,476.314169884,474587136,,,558948352,0,0,0,0,643.376864,0,17.593289,0,0,300,,,,,,,1000,01_quantizer_fair,official SAQ B=4 distance kernel,05a-saq-b4-native-odirect-v1,3dcadae2e84bad3e6350698617b3786b4c9a68b58ec309daacf576a596eb4b61,63ef625c7a9713ee555564f5ba3a211b10897e87616d3f7507d196bc6e386244,ac76f382baf55da7bbc61ba5baaa2d77f678f65a9439847b3c294f9e486eccc6,a0419a01095031fbe4ec00f92f55dfb6a54109fa4ea96d66ca36790e466c2c58,b92fae6ca12d310618d7bb738af1a11fcfe1af1d0a8fa843af640e89d0ab3a51,20260813,,,,False,False,4096,True,/home/msy2025/quantization_graph/results/disk_environment/.formal_runs/runs/formal_diskenv_20260826_043617_05a/05A_disk_quantizer_io/agnews/artifacts/test/SAQ_B4__resident__B2__c0__w1__r0.json
05a,agnews,SAQ_B4,resident,test,formal_diskenv_20260826_043617_05a,0,1,fixed_candidates_k340,rerank_candidates=340,340,,c0,1,0.991,1359.09394426,735.019878,712.434,1175.731,1324.722,0.991,0.00124953210914,0.00264005322326,0.00842080808081,476.314169884,474587136,,,558948352,0,0,0,0,714.910099,0,19.991489,0,0,340,,,,,,,1000,01_quantizer_fair,official SAQ B=4 distance kernel,05a-saq-b4-native-odirect-v1,3dcadae2e84bad3e6350698617b3786b4c9a68b58ec309daacf576a596eb4b61,63ef625c7a9713ee555564f5ba3a211b10897e87616d3f7507d196bc6e386244,ac76f382baf55da7bbc61ba5baaa2d77f678f65a9439847b3c294f9e486eccc6,a0419a01095031fbe4ec00f92f55dfb6a54109fa4ea96d66ca36790e466c2c58,b92fae6ca12d310618d7bb738af1a11fcfe1af1d0a8fa843af640e89d0ab3a51,20260813,,,,False,False,4096,True,/home/msy2025/quantization_graph/results/disk_environment/.formal_runs/runs/formal_diskenv_20260826_043617_05a/05A_disk_quantizer_io/agnews/artifacts/test/SAQ_B4__resident__B2__c0__w1__r0.json
05a,agnews,SAQ_B4,resident,test,formal_diskenv_20260826_043617_05a,0,1,fixed_candidates_k380,rerank_candidates=380,380,,c0,1,0.991,1201.45743996,831.523765,808.153,1313.655,1519.17,0.991,0.00121113114074,0.00259875574512,0.00842080808081,476.314169884,474587136,,,558948352,0,0,0,0,808.448425,0,22.960502,0,0,380,,,,,,,1000,01_quantizer_fair,official SAQ B=4 distance kernel,05a-saq-b4-native-odirect-v1,3dcadae2e84bad3e6350698617b3786b4c9a68b58ec309daacf576a596eb4b61,63ef625c7a9713ee555564f5ba3a211b10897e87616d3f7507d196bc6e386244,ac76f382baf55da7bbc61ba5baaa2d77f678f65a9439847b3c294f9e486eccc6,a0419a01095031fbe4ec00f92f55dfb6a54109fa4ea96d66ca36790e466c2c58,b92fae6ca12d310618d7bb738af1a11fcfe1af1d0a8fa843af640e89d0ab3a51,20260813,,,,False,False,4096,True,/home/msy2025/quantization_graph/results/disk_environment/.formal_runs/runs/formal_diskenv_20260826_043617_05a/05A_disk_quantizer_io/agnews/artifacts/test/SAQ_B4__resident__B2__c0__w1__r0.json
05a,agnews,SAQ_B4,resident,test,formal_diskenv_20260826_043617_05a,0,1,fixed_candidates_k420,rerank_candidates=420,420,,c0,1,0.991,1113.14716736,897.514368,871.109,1406.784,1609.195,0.991,0.00117935876208,0.00256272767251,0.00842080808081,476.314169884,474587136,,,558948352,0,0,0,0,872.249375,0,25.149652,0,0,420,,,,,,,1000,01_quantizer_fair,official SAQ B=4 distance kernel,05a-saq-b4-native-odirect-v1,3dcadae2e84bad3e6350698617b3786b4c9a68b58ec309daacf576a596eb4b61,63ef625c7a9713ee555564f5ba3a211b10897e87616d3f7507d196bc6e386244,ac76f382baf55da7bbc61ba5baaa2d77f678f65a9439847b3c294f9e486eccc6,a0419a01095031fbe4ec00f92f55dfb6a54109fa4ea96d66ca36790e466c2c58,b92fae6ca12d310618d7bb738af1a11fcfe1af1d0a8fa843af640e89d0ab3a51,20260813,,,,False,False,4096,True,/home/msy2025/quantization_graph/results/disk_environment/.formal_runs/runs/formal_diskenv_20260826_043617_05a/05A_disk_quantizer_io/agnews/artifacts/test/SAQ_B4__resident__B2__c0__w1__r0.json
05a,agnews,SAQ_B4,resident,test,formal_diskenv_20260826_043617_05a,0,1,fixed_candidates_k460,rerank_candidates=460,460,,c0,1,0.991,1019.01579464,980.473634,955.304,1564.208,1742.487,0.991,0.0011523880935,0.00253357067229,0.00842080808081,476.314169884,474587136,,,558948352,0,0,0,0,952.73249,0,27.613771,0,0,460,,,,,,,1000,01_quantizer_fair,official SAQ B=4 distance kernel,05a-saq-b4-native-odirect-v1,3dcadae2e84bad3e6350698617b3786b4c9a68b58ec309daacf576a596eb4b61,63ef625c7a9713ee555564f5ba3a211b10897e87616d3f7507d196bc6e386244,ac76f382baf55da7bbc61ba5baaa2d77f678f65a9439847b3c294f9e486eccc6,a0419a01095031fbe4ec00f92f55dfb6a54109fa4ea96d66ca36790e466c2c58,b92fae6ca12d310618d7bb738af1a11fcfe1af1d0a8fa843af640e89d0ab3a51,20260813,,,,False,False,4096,True,/home/msy2025/quantization_graph/results/disk_environment/.formal_runs/runs/formal_diskenv_20260826_043617_05a/05A_disk_quantizer_io/agnews/artifacts/test/SAQ_B4__resident__B2__c0__w1__r0.json
05a,agnews,SAQ_B4,payload_on_ssd,test,formal_diskenv_20260826_043617_05a,0,1,fixed_candidates_k10,rerank_candidates=10,10,,c0,1,1,1264.24480885,774.57426,705.051,1107.031,1473.299,1,0.010400725482,0.01471398548,0.00964444444444,476.314169884,0,,,94023680,4.9,37.443,153366.528,726.718993,46.897861,0,0.688646,0,0,10,,,,,,,1000,01_quantizer_fair,official SAQ B=4 distance kernel,05a-saq-b4-native-odirect-v1,3dcadae2e84bad3e6350698617b3786b4c9a68b58ec309daacf576a596eb4b61,63ef625c7a9713ee555564f5ba3a211b10897e87616d3f7507d196bc6e386244,ac76f382baf55da7bbc61ba5baaa2d77f678f65a9439847b3c294f9e486eccc6,a0419a01095031fbe4ec00f92f55dfb6a54109fa4ea96d66ca36790e466c2c58,b92fae6ca12d310618d7bb738af1a11fcfe1af1d0a8fa843af640e89d0ab3a51,20260813,,,,True,True,4096,True,/home/msy2025/quantization_graph/results/disk_environment/.formal_runs/runs/formal_diskenv_20260826_043617_05a/05A_disk_quantizer_io/agnews/artifacts/test/SAQ_B4__payload_on_ssd__B2__c0__w1__r0.json
05a,agnews,SAQ_B4,payload_on_ssd,test,formal_diskenv_20260826_043617_05a,0,1,fixed_candidates_k11,rerank_candidates=11,11,,c0,1,0.9913,1246.86385996,785.932422,728.48,1106.25,1351.009,0.9913,0.00959342384383,0.0133650481049,0.00970909090909,476.314169884,0,,,94023680,5.183,40.214,164716.544,736.352172,48.546583,0,0.713176,0,0,11,,,,,,,1000,01_quantizer_fair,official SAQ B=4 distance kernel,05a-saq-b4-native-odirect-v1,3dcadae2e84bad3e6350698617b3786b4c9a68b58ec309daacf576a596eb4b61,63ef625c7a9713ee555564f5ba3a211b10897e87616d3f7507d196bc6e386244,ac76f382baf55da7bbc61ba5baaa2d77f678f65a9439847b3c294f9e486eccc6,a0419a01095031fbe4ec00f92f55dfb6a54109fa4ea96d66ca36790e466c2c58,b92fae6ca12d310618d7bb738af1a11fcfe1af1d0a8fa843af640e89d0ab3a51,20260813,,,,True,True,4096,True,/home/msy2025/quantization_graph/results/disk_environment/.formal_runs/runs/formal_diskenv_20260826_043617_05a/05A_disk_quantizer_io/agnews/artifacts/test/SAQ_B4__payload_on_ssd__B2__c0__w1__r0.json
05a,agnews,SAQ_B4,payload_on_ssd,test,formal_diskenv_20260826_043617_05a,0,1,fixed_candidates_k12,rerank_candidates=12,12,,c0,1,0.991,1210.64974293,814.025671,747.077,1160.767,1570.914,0.991,0.00892152742394,0.0119890135193,0.00937878787879,476.314169884,0,,,94023680,5.461,42.906,175742.976,761.881988,51.102746,0,0.69809,0,0,12,,,,,,,1000,01_quantizer_fair,official SAQ B=4 distance kernel,05a-saq-b4-native-odirect-v1,3dcadae2e84bad3e6350698617b3786b4c9a68b58ec309daacf576a596eb4b61,63ef625c7a9713ee555564f5ba3a211b10897e87616d3f7507d196bc6e386244,ac76f382baf55da7bbc61ba5baaa2d77f678f65a9439847b3c294f9e486eccc6,a0419a01095031fbe4ec00f92f55dfb6a54109fa4ea96d66ca36790e466c2c58,b92fae6ca12d310618d7bb738af1a11fcfe1af1d0a8fa843af640e89d0ab3a51,20260813,,,,True,True,4096,True,/home/msy2025/quantization_graph/results/disk_environment/.formal_runs/runs/formal_diskenv_20260826_043617_05a/05A_disk_quantizer_io/agnews/artifacts/test/SAQ_B4__payload_on_ssd__B2__c0__w1__r0.json
05a,agnews,SAQ_B4,payload_on_ssd,test,formal_diskenv_20260826_043617_05a,0,1,fixed_candidates_k13,rerank_candidates=13,13,,c0,1,0.991,1218.02685148,808.353717,749.558,1153.205,1390.614,0.991,0.00835155305142,0.0110351873637,0.00937179487179,476.314169884,0,,,94023680,5.724,45.557,186601.472,754.023513,53.262063,0,0.727363,0,0,13,,,,,,,1000,01_quantizer_fair,official SAQ B=4 distance kernel,05a-saq-b4-native-odirect-v1,3dcadae2e84bad3e6350698617b3786b4c9a68b58ec309daacf576a596eb4b61,63ef625c7a9713ee555564f5ba3a211b10897e87616d3f7507d196bc6e386244,ac76f382baf55da7bbc61ba5baaa2d77f678f65a9439847b3c294f9e486eccc6,a0419a01095031fbe4ec00f92f55dfb6a54109fa4ea96d66ca36790e466c2c58,b92fae6ca12d310618d7bb738af1a11fcfe1af1d0a8fa843af640e89d0ab3a51,20260813,,,,True,True,4096,True,/home/msy2025/quantization_graph/results/disk_environment/.formal_runs/runs/formal_diskenv_20260826_043617_05a/05A_disk_quantizer_io/agnews/artifacts/test/SAQ_B4__payload_on_ssd__B2__c0__w1__r0.json
05a,agnews,SAQ_B4,payload_on_ssd,test,formal_diskenv_20260826_043617_05a,0,1,fixed_candidates_k14,rerank_candidates=14,14,,c0,1,0.991,1186.22848843,826.388036,775.983,1191.825,1400.612,0.991,0.00785773652483,0.0100763615502,0.00928571428571,476.314169884,0,,,94023680,6.003,48.258,197664.768,768.574216,56.688372,0,0.784394,0,0,14,,,,,,,1000,01_quantizer_fair,official SAQ B=4 distance kernel,05a-saq-b4-native-odirect-v1,3dcadae2e84bad3e6350698617b3786b4c9a68b58ec309daacf576a596eb4b61,63ef625c7a9713ee555564f5ba3a211b10897e87616d3f7507d196bc6e386244,ac76f382baf55da7bbc61ba5baaa2d77f678f65a9439847b3c294f9e486eccc6,a0419a01095031fbe4ec00f92f55dfb6a54109fa4ea96d66ca36790e466c2c58,b92fae6ca12d310618d7bb738af1a11fcfe1af1d0a8fa843af640e89d0ab3a51,20260813,,,,True,True,4096,True,/home/msy2025/quantization_graph/results/disk_environment/.formal_runs/runs/formal_diskenv_20260826_043617_05a/05A_disk_quantizer_io/agnews/artifacts/test/SAQ_B4__payload_on_ssd__B2__c0__w1__r0.json
05a,agnews,SAQ_B4,payload_on_ssd,test,formal_diskenv_20260826_043617_05a,0,1,fixed_candidates_k15,rerank_candidates=15,15,,c0,1,0.991,1193.34368169,825.761827,775.168,1165.527,1354.21,0.991,0.00742906176485,0.0095770610917,0.0094,476.314169884,0,,,94023680,6.274,50.889,208441.344,766.252231,58.375087,0,0.768706,0,0,15,,,,,,,1000,01_quantizer_fair,official SAQ B=4 distance kernel,05a-saq-b4-native-odirect-v1,3dcadae2e84bad3e6350698617b3786b4c9a68b58ec309daacf576a596eb4b61,63ef625c7a9713ee555564f5ba3a211b10897e87616d3f7507d196bc6e386244,ac76f382baf55da7bbc61ba5baaa2d77f678f65a9439847b3c294f9e486eccc6,a0419a01095031fbe4ec00f92f55dfb6a54109fa4ea96d66ca36790e466c2c58,b92fae6ca12d310618d7bb738af1a11fcfe1af1d0a8fa843af640e89d0ab3a51,20260813,,,,True,True,4096,True,/home/msy2025/quantization_graph/results/disk_environment/.formal_runs/runs/formal_diskenv_20260826_043617_05a/05A_disk_quantizer_io/agnews/artifacts/test/SAQ_B4__payload_on_ssd__B2__c0__w1__r0.json
05a,agnews,SAQ_B4,payload_on_ssd,test,formal_diskenv_20260826_043617_05a,0,1,fixed_candidates_k16,rerank_candidates=16,16,,c0,1,0.991,958.771750492,1030.201201,793.281,2398.884,6601.436,0.991,0.00705744218694,0.0091331082786,0.009425,476.314169884,0,,,94023680,6.559,53.428,218841.088,968.385933,60.657738,0,0.792901,0,0,16,,,,,,,1000,01_quantizer_fair,official SAQ B=4 distance kernel,05a-saq-b4-native-odirect-v1,3dcadae2e84bad3e6350698617b3786b4c9a68b58ec309daacf576a596eb4b61,63ef625c7a9713ee555564f5ba3a211b10897e87616d3f7507d196bc6e386244,ac76f382baf55da7bbc61ba5baaa2d77f678f65a9439847b3c294f9e486eccc6,a0419a01095031fbe4ec00f92f55dfb6a54109fa4ea96d66ca36790e466c2c58,b92fae6ca12d310618d7bb738af1a11fcfe1af1d0a8fa843af640e89d0ab3a51,20260813,,,,True,True,4096,True,/home/msy2025/quantization_graph/results/disk_environment/.formal_runs/runs/formal_diskenv_20260826_043617_05a/05A_disk_quantizer_io/agnews/artifacts/test/SAQ_B4__payload_on_ssd__B2__c0__w1__r0.json
05a,agnews,SAQ_B4,payload_on_ssd,test,formal_diskenv_20260826_043617_05a,0,1,fixed_candidates_k17,rerank_candidates=17,17,,c0,1,0.991,822.364552017,1199.863099,812.718,4916.712,7529.787,0.991,0.00672334551299,0.00857888783962,0.00928676470588,476.314169884,0,,,94023680,6.852,55.978,229285.888,1135.51307,62.925131,0,1.046602,0,0,17,,,,,,,1000,01_quantizer_fair,official SAQ B=4 distance kernel,05a-saq-b4-native-odirect-v1,3dcadae2e84bad3e6350698617b3786b4c9a68b58ec309daacf576a596eb4b61,63ef625c7a9713ee555564f5ba3a211b10897e87616d3f7507d196bc6e386244,ac76f382baf55da7bbc61ba5baaa2d77f678f65a9439847b3c294f9e486eccc6,a0419a01095031fbe4ec00f92f55dfb6a54109fa4ea96d66ca36790e466c2c58,b92fae6ca12d310618d7bb738af1a11fcfe1af1d0a8fa843af640e89d0ab3a51,20260813,,,,True,True,4096,True,/home/msy2025/quantization_graph/results/disk_environment/.formal_runs/runs/formal_diskenv_20260826_043617_05a/05A_disk_quantizer_io/agnews/artifacts/test/SAQ_B4__payload_on_ssd__B2__c0__w1__r0.json
05a,agnews,SAQ_B4,payload_on_ssd,test,formal_diskenv_20260826_043617_05a,0,1,fixed_candidates_k18,rerank_candidates=18,18,,c0,1,0.991,788.649699891,1255.525977,821.927,5932.662,8379.495,0.991,0.00642479876745,0.00814335469261,0.00926797385621,476.314169884,0,,,94023680,7.144,58.491,239579.136,1187.884356,66.152565,0,1.104198,0,0,18,,,,,,,1000,01_quantizer_fair,official SAQ B=4 distance kernel,05a-saq-b4-native-odirect-v1,3dcadae2e84bad3e6350698617b3786b4c9a68b58ec309daacf576a596eb4b61,63ef625c7a9713ee555564f5ba3a211b10897e87616d3f7507d196bc6e386244,ac76f382baf55da7bbc61ba5baaa2d77f678f65a9439847b3c294f9e486eccc6,a0419a01095031fbe4ec00f92f55dfb6a54109fa4ea96d66ca36790e466c2c58,b92fae6ca12d310618d7bb738af1a11fcfe1af1d0a8fa843af640e89d0ab3a51,20260813,,,,True,True,4096,True,/home/msy2025/quantization_graph/results/disk_environment/.formal_runs/runs/formal_diskenv_20260826_043617_05a/05A_disk_quantizer_io/agnews/artifacts/test/SAQ_B4__payload_on_ssd__B2__c0__w1__r0.json
05a,agnews,SAQ_B4,payload_on_ssd,test,formal_diskenv_20260826_043617_05a,0,1,fixed_candidates_k19,rerank_candidates=19,19,,c0,1,0.991,755.281184727,1311.301146,832.651,6292.053,9140.34,0.991,0.00615840407267,0.00778845131569,0.00919298245614,476.314169884,0,,,94023680,7.393,60.941,249614.336,1241.517308,68.201717,0,1.184527,0,0,19,,,,,,,1000,01_quantizer_fair,official SAQ B=4 distance kernel,05a-saq-b4-native-odirect-v1,3dcadae2e84bad3e6350698617b3786b4c9a68b58ec309daacf576a596eb4b61,63ef625c7a9713ee555564f5ba3a211b10897e87616d3f7507d196bc6e386244,ac76f382baf55da7bbc61ba5baaa2d77f678f65a9439847b3c294f9e486eccc6,a0419a01095031fbe4ec00f92f55dfb6a54109fa4ea96d66ca36790e466c2c58,b92fae6ca12d310618d7bb738af1a11fcfe1af1d0a8fa843af640e89d0ab3a51,20260813,,,,True,True,4096,True,/home/msy2025/quantization_graph/results/disk_environment/.formal_runs/runs/formal_diskenv_20260826_043617_05a/05A_disk_quantizer_io/agnews/artifacts/test/SAQ_B4__payload_on_ssd__B2__c0__w1__r0.json
05a,agnews,SAQ_B4,payload_on_ssd,test,formal_diskenv_20260826_043617_05a,0,1,fixed_candidates_k20,rerank_candidates=20,20,,c0,1,0.991,727.802454717,1357.708423,865.93,6171.555,8804.277,0.991,0.00591596355578,0.00746362843831,0.00924736842105,476.314169884,0,,,94023680,7.657,63.326,259383.296,1285.269994,70.738934,0,1.273417,0,0,20,,,,,,,1000,01_quantizer_fair,official SAQ B=4 distance kernel,05a-saq-b4-native-odirect-v1,3dcadae2e84bad3e6350698617b3786b4c9a68b58ec309daacf576a596eb4b61,63ef625c7a9713ee555564f5ba3a211b10897e87616d3f7507d196bc6e386244,ac76f382baf55da7bbc61ba5baaa2d77f678f65a9439847b3c294f9e486eccc6,a0419a01095031fbe4ec00f92f55dfb6a54109fa4ea96d66ca36790e466c2c58,b92fae6ca12d310618d7bb738af1a11fcfe1af1d0a8fa843af640e89d0ab3a51,20260813,,,,True,True,4096,True,/home/msy2025/quantization_graph/results/disk_environment/.formal_runs/runs/formal_diskenv_20260826_043617_05a/05A_disk_quantizer_io/agnews/artifacts/test/SAQ_B4__payload_on_ssd__B2__c0__w1__r0.json
05a,agnews,SAQ_B4,payload_on_ssd,test,formal_diskenv_20260826_043617_05a,0,1,fixed_candidates_k21,rerank_candidates=21,21,,c0,1,0.991,702.257180422,1407.298948,863.695,6345.65,8911.259,0.991,0.00569461497873,0.0071815448891,0.00911904761905,476.314169884,0,,,94023680,7.925,65.656,268926.976,1332.469517,73.108725,0,1.314846,0,0,21,,,,,,,1000,01_quantizer_fair,official SAQ B=4 distance kernel,05a-saq-b4-native-odirect-v1,3dcadae2e84bad3e6350698617b3786b4c9a68b58ec309daacf576a596eb4b61,63ef625c7a9713ee555564f5ba3a211b10897e87616d3f7507d196bc6e386244,ac76f382baf55da7bbc61ba5baaa2d77f678f65a9439847b3c294f9e486eccc6,a0419a01095031fbe4ec00f92f55dfb6a54109fa4ea96d66ca36790e466c2c58,b92fae6ca12d310618d7bb738af1a11fcfe1af1d0a8fa843af640e89d0ab3a51,20260813,,,,True,True,4096,True,/home/msy2025/quantization_graph/results/disk_environment/.formal_runs/runs/formal_diskenv_20260826_043617_05a/05A_disk_quantizer_io/agnews/artifacts/test/SAQ_B4__payload_on_ssd__B2__c0__w1__r0.json
05a,agnews,SAQ_B4,payload_on_ssd,test,formal_diskenv_20260826_043617_05a,0,1,fixed_candidates_k22,rerank_candidates=22,22,,c0,1,0.991,676.136051231,1466.465219,873.59,6358.954,8892.178,0.991,0.00549248965928,0.00695524018284,0.00897835497835,476.314169884,0,,,94023680,8.188,68.008,278560.768,1389.308101,75.390199,0,1.33352,0,0,22,,,,,,,1000,01_quantizer_fair,official SAQ B=4 distance kernel,05a-saq-b4-native-odirect-v1,3dcadae2e84bad3e6350698617b3786b4c9a68b58ec309daacf576a596eb4b61,63ef625c7a9713ee555564f5ba3a211b10897e87616d3f7507d196bc6e386244,ac76f382baf55da7bbc61ba5baaa2d77f678f65a9439847b3c294f9e486eccc6,a0419a01095031fbe4ec00f92f55dfb6a54109fa4ea96d66ca36790e466c2c58,b92fae6ca12d310618d7bb738af1a11fcfe1af1d0a8fa843af640e89d0ab3a51,20260813,,,,True,True,4096,True,/home/msy2025/quantization_graph/results/disk_environment/.formal_runs/runs/formal_diskenv_20260826_043617_05a/05A_disk_quantizer_io/agnews/artifacts/test/SAQ_B4__payload_on_ssd__B2__c0__w1__r0.json
05a,agnews,SAQ_B4,payload_on_ssd,test,formal_diskenv_20260826_043617_05a,0,1,fixed_candidates_k23,rerank_candidates=23,23,,c0,1,0.991,656.60451588,1510.284387,899.176,5675.057,7311.555,0.991,0.00530718268808,0.00669884833583,0.00882213438735,476.314169884,0,,,94023680,8.456,70.371,288239.616,1431.292786,77.188403,0,1.373686,0,0,23,,,,,,,1000,01_quantizer_fair,official SAQ B=4 distance kernel,05a-saq-b4-native-odirect-v1,3dcadae2e84bad3e6350698617b3786b4c9a68b58ec309daacf576a596eb4b61,63ef625c7a9713ee555564f5ba3a211b10897e87616d3f7507d196bc6e386244,ac76f382baf55da7bbc61ba5baaa2d77f678f65a9439847b3c294f9e486eccc6,a0419a01095031fbe4ec00f92f55dfb6a54109fa4ea96d66ca36790e466c2c58,b92fae6ca12d310618d7bb738af1a11fcfe1af1d0a8fa843af640e89d0ab3a51,20260813,,,,True,True,4096,True,/home/msy2025/quantization_graph/results/disk_environment/.formal_runs/runs/formal_diskenv_20260826_043617_05a/05A_disk_quantizer_io/agnews/artifacts/test/SAQ_B4__payload_on_ssd__B2__c0__w1__r0.json
05a,agnews,SAQ_B4,payload_on_ssd,test,formal_diskenv_20260826_043617_05a,0,1,fixed_candidates_k24,rerank_candidates=24,24,,c0,1,0.991,634.117730752,1564.614134,895.737,6466.823,8276.723,0.991,0.00513696713049,0.00653636669847,0.00872826086957,476.314169884,0,,,94023680,8.729,72.599,297365.504,1482.430194,80.234392,0,1.506035,0,0,24,,,,,,,1000,01_quantizer_fair,official SAQ B=4 distance kernel,05a-saq-b4-native-odirect-v1,3dcadae2e84bad3e6350698617b3786b4c9a68b58ec309daacf576a596eb4b61,63ef625c7a9713ee555564f5ba3a211b10897e87616d3f7507d196bc6e386244,ac76f382baf55da7bbc61ba5baaa2d77f678f65a9439847b3c294f9e486eccc6,a0419a01095031fbe4ec00f92f55dfb6a54109fa4ea96d66ca36790e466c2c58,b92fae6ca12d310618d7bb738af1a11fcfe1af1d0a8fa843af640e89d0ab3a51,20260813,,,,True,True,4096,True,/home/msy2025/quantization_graph/results/disk_environment/.formal_runs/runs/formal_diskenv_20260826_043617_05a/05A_disk_quantizer_io/agnews/artifacts/test/SAQ_B4__payload_on_ssd__B2__c0__w1__r0.json
05a,agnews,SAQ_B4,payload_on_ssd,test,formal_diskenv_20260826_043617_05a,0,1,fixed_candidates_k25,rerank_candidates=25,25,,c0,1,0.991,616.906900166,1607.966067,897.128,6334.185,9204.802,0.991,0.00498027973756,0.00637492059067,0.00862333333333,476.314169884,0,,,94023680,9.005,74.917,306860.032,1522.321601,83.609119,0,1.56257,0,0,25,,,,,,,1000,01_quantizer_fair,official SAQ B=4 distance kernel,05a-saq-b4-native-odirect-v1,3dcadae2e84bad3e6350698617b3786b4c9a68b58ec309daacf576a596eb4b61,63ef625c7a9713ee555564f5ba3a211b10897e87616d3f7507d196bc6e386244,ac76f382baf55da7bbc61ba5baaa2d77f678f65a9439847b3c294f9e486eccc6,a0419a01095031fbe4ec00f92f55dfb6a54109fa4ea96d66ca36790e466c2c58,b92fae6ca12d310618d7bb738af1a11fcfe1af1d0a8fa843af640e89d0ab3a51,20260813,,,,True,True,4096,True,/home/msy2025/quantization_graph/results/disk_environment/.formal_runs/runs/formal_diskenv_20260826_043617_05a/05A_disk_quantizer_io/agnews/artifacts/test/SAQ_B4__payload_on_ssd__B2__c0__w1__r0.json
05a,agnews,SAQ_B4,payload_on_ssd,test,formal_diskenv_20260826_043617_05a,0,1,fixed_candidates_k26,rerank_candidates=26,26,,c0,1,0.991,540.839256294,1836.893591,924.331,7125.79,10475.979,0.991,0.00483658177236,0.00622735472619,0.00857846153846,476.314169884,0,,,94023680,9.268,77.223,316305.408,1749.632217,85.181061,0,1.616215,0,0,26,,,,,,,1000,01_quantizer_fair,official SAQ B=4 distance kernel,05a-saq-b4-native-odirect-v1,3dcadae2e84bad3e6350698617b3786b4c9a68b58ec309daacf576a596eb4b61,63ef625c7a9713ee555564f5ba3a211b10897e87616d3f7507d196bc6e386244,ac76f382baf55da7bbc61ba5baaa2d77f678f65a9439847b3c294f9e486eccc6,a0419a01095031fbe4ec00f92f55dfb6a54109fa4ea96d66ca36790e466c2c58,b92fae6ca12d310618d7bb738af1a11fcfe1af1d0a8fa843af640e89d0ab3a51,20260813,,,,True,True,4096,True,/home/msy2025/quantization_graph/results/disk_environment/.formal_runs/runs/formal_diskenv_20260826_043617_05a/05A_disk_quantizer_io/agnews/artifacts/test/SAQ_B4__payload_on_ssd__B2__c0__w1__r0.json
05a,agnews,SAQ_B4,payload_on_ssd,test,formal_diskenv_20260826_043617_05a,0,1,fixed_candidates_k27,rerank_candidates=27,27,,c0,1,0.991,577.038190827,1720.09463,923.155,7466.867,10284.358,0.991,0.00470171660336,0.00604438426363,0.00870085470085,476.314169884,0,,,94023680,9.515,79.445,325406.72,1629.772995,88.211187,0,1.607521,0,0,27,,,,,,,1000,01_quantizer_fair,official SAQ B=4 distance kernel,05a-saq-b4-native-odirect-v1,3dcadae2e84bad3e6350698617b3786b4c9a68b58ec309daacf576a596eb4b61,63ef625c7a9713ee555564f5ba3a211b10897e87616d3f7507d196bc6e386244,ac76f382baf55da7bbc61ba5baaa2d77f678f65a9439847b3c294f9e486eccc6,a0419a01095031fbe4ec00f92f55dfb6a54109fa4ea96d66ca36790e466c2c58,b92fae6ca12d310618d7bb738af1a11fcfe1af1d0a8fa843af640e89d0ab3a51,20260813,,,,True,True,4096,True,/home/msy2025/quantization_graph/results/disk_environment/.formal_runs/runs/formal_diskenv_20260826_043617_05a/05A_disk_quantizer_io/agnews/artifacts/test/SAQ_B4__payload_on_ssd__B2__c0__w1__r0.json
05a,agnews,SAQ_B4,payload_on_ssd,test,formal_diskenv_20260826_043617_05a,0,1,fixed_candidates_k28,rerank_candidates=28,28,,c0,1,0.991,564.016644034,1760.455814,925.122,7004.019,9880.448,0.991,0.00457659152119,0.0058930259513,0.00872222222222,476.314169884,0,,,94023680,9.78,81.667,334508.032,1667.40679,90.787504,0,1.75582,0,0,28,,,,,,,1000,01_quantizer_fair,official SAQ B=4 distance kernel,05a-saq-b4-native-odirect-v1,3dcadae2e84bad3e6350698617b3786b4c9a68b58ec309daacf576a596eb4b61,63ef625c7a9713ee555564f5ba3a211b10897e87616d3f7507d196bc6e386244,ac76f382baf55da7bbc61ba5baaa2d77f678f65a9439847b3c294f9e486eccc6,a0419a01095031fbe4ec00f92f55dfb6a54109fa4ea96d66ca36790e466c2c58,b92fae6ca12d310618d7bb738af1a11fcfe1af1d0a8fa843af640e89d0ab3a51,20260813,,,,True,True,4096,True,/home/msy2025/quantization_graph/results/disk_environment/.formal_runs/runs/formal_diskenv_20260826_043617_05a/05A_disk_quantizer_io/agnews/artifacts/test/SAQ_B4__payload_on_ssd__B2__c0__w1__r0.json
05a,agnews,SAQ_B4,payload_on_ssd,test,formal_diskenv_20260826_043617_05a,0,1,fixed_candidates_k29,rerank_candidates=29,29,,c0,1,0.991,551.269221141,1801.652016,934.147,7207.07,9418.432,0.991,0.00445941098877,0.00578784910995,0.00865270935961,476.314169884,0,,,94023680,10.021,83.898,343646.208,1706.834085,92.46643,0,1.827569,0,0,29,,,,,,,1000,01_quantizer_fair,official SAQ B=4 distance kernel,05a-saq-b4-native-odirect-v1,3dcadae2e84bad3e6350698617b3786b4c9a68b58ec309daacf576a596eb4b61,63ef625c7a9713ee555564f5ba3a211b10897e87616d3f7507d196bc6e386244,ac76f382baf55da7bbc61ba5baaa2d77f678f65a9439847b3c294f9e486eccc6,a0419a01095031fbe4ec00f92f55dfb6a54109fa4ea96d66ca36790e466c2c58,b92fae6ca12d310618d7bb738af1a11fcfe1af1d0a8fa843af640e89d0ab3a51,20260813,,,,True,True,4096,True,/home/msy2025/quantization_graph/results/disk_environment/.formal_runs/runs/formal_diskenv_20260826_043617_05a/05A_disk_quantizer_io/agnews/artifacts/test/SAQ_B4__payload_on_ssd__B2__c0__w1__r0.json
05a,agnews,SAQ_B4,payload_on_ssd,test,formal_diskenv_20260826_043617_05a,0,1,fixed_candidates_k30,rerank_candidates=30,30,,c0,1,0.991,536.481532575,1851.782111,944.454,7742.019,10643.661,0.991,0.00435091711637,0.00565460702964,0.00864137931034,476.314169884,0,,,94023680,10.279,86.101,352669.696,1755.229305,94.069717,0,1.970596,0,0,30,,,,,,,1000,01_quantizer_fair,official SAQ B=4 distance kernel,05a-saq-b4-native-odirect-v1,3dcadae2e84bad3e6350698617b3786b4c9a68b58ec309daacf576a596eb4b61,63ef625c7a9713ee555564f5ba3a211b10897e87616d3f7507d196bc6e386244,ac76f382baf55da7bbc61ba5baaa2d77f678f65a9439847b3c294f9e486eccc6,a0419a01095031fbe4ec00f92f55dfb6a54109fa4ea96d66ca36790e466c2c58,b92fae6ca12d310618d7bb738af1a11fcfe1af1d0a8fa843af640e89d0ab3a51,20260813,,,,True,True,4096,True,/home/msy2025/quantization_graph/results/disk_environment/.formal_runs/runs/formal_diskenv_20260826_043617_05a/05A_disk_quantizer_io/agnews/artifacts/test/SAQ_B4__payload_on_ssd__B2__c0__w1__r0.json
05a,agnews,SAQ_B4,payload_on_ssd,test,formal_diskenv_20260826_043617_05a,0,1,fixed_candidates_k40,rerank_candidates=40,40,,c0,1,0.991,398.567881035,2492.522008,1054.383,8044.154,10783.566,0.991,0.0035441111937,0.00484837498144,0.00843205128205,476.314169884,0,,,94023680,12.806,107.76,441384.96,2371.648873,117.657463,0,2.684404,0,0,40,,,,,,,1000,01_quantizer_fair,official SAQ B=4 distance kernel,05a-saq-b4-native-odirect-v1,3dcadae2e84bad3e6350698617b3786b4c9a68b58ec309daacf576a596eb4b61,63ef625c7a9713ee555564f5ba3a211b10897e87616d3f7507d196bc6e386244,ac76f382baf55da7bbc61ba5baaa2d77f678f65a9439847b3c294f9e486eccc6,a0419a01095031fbe4ec00f92f55dfb6a54109fa4ea96d66ca36790e466c2c58,b92fae6ca12d310618d7bb738af1a11fcfe1af1d0a8fa843af640e89d0ab3a51,20260813,,,,True,True,4096,True,/home/msy2025/quantization_graph/results/disk_environment/.formal_runs/runs/formal_diskenv_20260826_043617_05a/05A_disk_quantizer_io/agnews/artifacts/test/SAQ_B4__payload_on_ssd__B2__c0__w1__r0.json
05a,agnews,SAQ_B4,payload_on_ssd,test,formal_diskenv_20260826_043617_05a,0,1,fixed_candidates_k50,rerank_candidates=50,50,,c0,1,0.991,357.274670315,2785.898122,1129.843,8571.142,9554.403,0.991,0.00305478116039,0.00436425251534,0.00844408163265,476.314169884,0,,,94023680,15.364,128.769,527437.824,2641.597805,140.377715,0,3.29124,0,0,50,,,,,,,1000,01_quantizer_fair,official SAQ B=4 distance kernel,05a-saq-b4-native-odirect-v1,3dcadae2e84bad3e6350698617b3786b4c9a68b58ec309daacf576a596eb4b61,63ef625c7a9713ee555564f5ba3a211b10897e87616d3f7507d196bc6e386244,ac76f382baf55da7bbc61ba5baaa2d77f678f65a9439847b3c294f9e486eccc6,a0419a01095031fbe4ec00f92f55dfb6a54109fa4ea96d66ca36790e466c2c58,b92fae6ca12d310618d7bb738af1a11fcfe1af1d0a8fa843af640e89d0ab3a51,20260813,,,,True,True,4096,True,/home/msy2025/quantization_graph/results/disk_environment/.formal_runs/runs/formal_diskenv_20260826_043617_05a/05A_disk_quantizer_io/agnews/artifacts/test/SAQ_B4__payload_on_ssd__B2__c0__w1__r0.json
05a,agnews,SAQ_B4,payload_on_ssd,test,formal_diskenv_20260826_043617_05a,0,1,fixed_candidates_k60,rerank_candidates=60,60,,c0,1,0.991,308.547985307,3223.776975,1159.629,8949.244,9821.592,0.991,0.00272128846404,0.00406027165085,0.00845028248588,476.314169884,0,,,94023680,17.766,149.033,610439.168,3058.338728,160.830994,0,3.884306,0,0,60,,,,,,,1000,01_quantizer_fair,official SAQ B=4 distance kernel,05a-saq-b4-native-odirect-v1,3dcadae2e84bad3e6350698617b3786b4c9a68b58ec309daacf576a596eb4b61,63ef625c7a9713ee555564f5ba3a211b10897e87616d3f7507d196bc6e386244,ac76f382baf55da7bbc61ba5baaa2d77f678f65a9439847b3c294f9e486eccc6,a0419a01095031fbe4ec00f92f55dfb6a54109fa4ea96d66ca36790e466c2c58,b92fae6ca12d310618d7bb738af1a11fcfe1af1d0a8fa843af640e89d0ab3a51,20260813,,,,True,True,4096,True,/home/msy2025/quantization_graph/results/disk_environment/.formal_runs/runs/formal_diskenv_20260826_043617_05a/05A_disk_quantizer_io/agnews/artifacts/test/SAQ_B4__payload_on_ssd__B2__c0__w1__r0.json
05a,agnews,SAQ_B4,payload_on_ssd,test,formal_diskenv_20260826_043617_05a,0,1,fixed_candidates_k70,rerank_candidates=70,70,,c0,1,0.991,271.372430916,3672.229954,1304.35,9251.02,10489.289,0.991,0.00248145852396,0.00383810026087,0.00840538302277,476.314169884,0,,,94023680,20.205,169.454,694083.584,3480.64391,186.005785,0,4.628266,0,0,70,,,,,,,1000,01_quantizer_fair,official SAQ B=4 distance kernel,05a-saq-b4-native-odirect-v1,3dcadae2e84bad3e6350698617b3786b4c9a68b58ec309daacf576a596eb4b61,63ef625c7a9713ee555564f5ba3a211b10897e87616d3f7507d196bc6e386244,ac76f382baf55da7bbc61ba5baaa2d77f678f65a9439847b3c294f9e486eccc6,a0419a01095031fbe4ec00f92f55dfb6a54109fa4ea96d66ca36790e466c2c58,b92fae6ca12d310618d7bb738af1a11fcfe1af1d0a8fa843af640e89d0ab3a51,20260813,,,,True,True,4096,True,/home/msy2025/quantization_graph/results/disk_environment/.formal_runs/runs/formal_diskenv_20260826_043617_05a/05A_disk_quantizer_io/agnews/artifacts/test/SAQ_B4__payload_on_ssd__B2__c0__w1__r0.json
05a,agnews,SAQ_B4,payload_on_ssd,test,formal_diskenv_20260826_043617_05a,0,1,fixed_candidates_k80,rerank_candidates=80,80,,c0,1,0.991,243.311159733,4089.011027,1392.647,10301.038,12705.452,0.991,0.00229704535355,0.00366617235129,0.00842879746835,476.314169884,0,,,94023680,22.537,189.092,774520.832,3880.306763,202.358293,0,5.414056,0,0,80,,,,,,,1000,01_quantizer_fair,official SAQ B=4 distance kernel,05a-saq-b4-native-odirect-v1,3dcadae2e84bad3e6350698617b3786b4c9a68b58ec309daacf576a596eb4b61,63ef625c7a9713ee555564f5ba3a211b10897e87616d3f7507d196bc6e386244,ac76f382baf55da7bbc61ba5baaa2d77f678f65a9439847b3c294f9e486eccc6,a0419a01095031fbe4ec00f92f55dfb6a54109fa4ea96d66ca36790e466c2c58,b92fae6ca12d310618d7bb738af1a11fcfe1af1d0a8fa843af640e89d0ab3a51,20260813,,,,True,True,4096,True,/home/msy2025/quantization_graph/results/disk_environment/.formal_runs/runs/formal_diskenv_20260826_043617_05a/05A_disk_quantizer_io/agnews/artifacts/test/SAQ_B4__payload_on_ssd__B2__c0__w1__r0.json
05a,agnews,SAQ_B4,payload_on_ssd,test,formal_diskenv_20260826_043617_05a,0,1,fixed_candidates_k90,rerank_candidates=90,90,,c0,1,0.991,220.849587608,4515.17358,1535.951,10107.549,11367.887,0.991,0.00215264037055,0.0035297797644,0.00842846441948,476.314169884,0,,,94023680,24.906,208.679,854749.184,4283.311352,224.851046,0,6.162938,0,0,90,,,,,,,1000,01_quantizer_fair,official SAQ B=4 distance kernel,05a-saq-b4-native-odirect-v1,3dcadae2e84bad3e6350698617b3786b4c9a68b58ec309daacf576a596eb4b61,63ef625c7a9713ee555564f5ba3a211b10897e87616d3f7507d196bc6e386244,ac76f382baf55da7bbc61ba5baaa2d77f678f65a9439847b3c294f9e486eccc6,a0419a01095031fbe4ec00f92f55dfb6a54109fa4ea96d66ca36790e466c2c58,b92fae6ca12d310618d7bb738af1a11fcfe1af1d0a8fa843af640e89d0ab3a51,20260813,,,,True,True,4096,True,/home/msy2025/quantization_graph/results/disk_environment/.formal_runs/runs/formal_diskenv_20260826_043617_05a/05A_disk_quantizer_io/agnews/artifacts/test/SAQ_B4__payload_on_ssd__B2__c0__w1__r0.json
05a,agnews,SAQ_B4,payload_on_ssd,test,formal_diskenv_20260826_043617_05a,0,1,fixed_candidates_k100,rerank_candidates=100,100,,c0,1,0.991,202.225512023,4932.141919,1855.977,10195.173,10995.544,0.991,0.00203646812671,0.00342148393383,0.00842141414141,476.314169884,0,,,94023680,27.192,228.07,934174.72,4677.065724,247.421627,0,6.706703,0,0,100,,,,,,,1000,01_quantizer_fair,official SAQ B=4 distance kernel,05a-saq-b4-native-odirect-v1,3dcadae2e84bad3e6350698617b3786b4c9a68b58ec309daacf576a596eb4b61,63ef625c7a9713ee555564f5ba3a211b10897e87616d3f7507d196bc6e386244,ac76f382baf55da7bbc61ba5baaa2d77f678f65a9439847b3c294f9e486eccc6,a0419a01095031fbe4ec00f92f55dfb6a54109fa4ea96d66ca36790e466c2c58,b92fae6ca12d310618d7bb738af1a11fcfe1af1d0a8fa843af640e89d0ab3a51,20260813,,,,True,True,4096,True,/home/msy2025/quantization_graph/results/disk_environment/.formal_runs/runs/formal_diskenv_20260826_043617_05a/05A_disk_quantizer_io/agnews/artifacts/test/SAQ_B4__payload_on_ssd__B2__c0__w1__r0.json
05a,agnews,SAQ_B4,payload_on_ssd,test,formal_diskenv_20260826_043617_05a,0,1,fixed_candidates_k140,rerank_candidates=140,140,,c0,1,0.991,150.60336377,6626.580012,8283.533,12362.871,20205.367,0.991,0.0017321988146,0.0031237454106,0.00842080808081,476.314169884,0,,,94023680,36.273,305.475,1251225.6,6284.748445,331.660611,0,8.966468,0,0,140,,,,,,,1000,01_quantizer_fair,official SAQ B=4 distance kernel,05a-saq-b4-native-odirect-v1,3dcadae2e84bad3e6350698617b3786b4c9a68b58ec309daacf576a596eb4b61,63ef625c7a9713ee555564f5ba3a211b10897e87616d3f7507d196bc6e386244,ac76f382baf55da7bbc61ba5baaa2d77f678f65a9439847b3c294f9e486eccc6,a0419a01095031fbe4ec00f92f55dfb6a54109fa4ea96d66ca36790e466c2c58,b92fae6ca12d310618d7bb738af1a11fcfe1af1d0a8fa843af640e89d0ab3a51,20260813,,,,True,True,4096,True,/home/msy2025/quantization_graph/results/disk_environment/.formal_runs/runs/formal_diskenv_20260826_043617_05a/05A_disk_quantizer_io/agnews/artifacts/test/SAQ_B4__payload_on_ssd__B2__c0__w1__r0.json
05a,agnews,SAQ_B4,payload_on_ssd,test,formal_diskenv_20260826_043617_05a,0,1,fixed_candidates_k180,rerank_candidates=180,180,,c0,1,0.991,120.598646728,8278.030558,8914.809,20023.64,21454.313,0.991,0.00155618495074,0.00294905878829,0.00842080808081,476.314169884,0,,,94023680,45.078,381.512,1562673.152,7840.748108,424.302737,0,11.557782,0,0,180,,,,,,,1000,01_quantizer_fair,official SAQ B=4 distance kernel,05a-saq-b4-native-odirect-v1,3dcadae2e84bad3e6350698617b3786b4c9a68b58ec309daacf576a596eb4b61,63ef625c7a9713ee555564f5ba3a211b10897e87616d3f7507d196bc6e386244,ac76f382baf55da7bbc61ba5baaa2d77f678f65a9439847b3c294f9e486eccc6,a0419a01095031fbe4ec00f92f55dfb6a54109fa4ea96d66ca36790e466c2c58,b92fae6ca12d310618d7bb738af1a11fcfe1af1d0a8fa843af640e89d0ab3a51,20260813,,,,True,True,4096,True,/home/msy2025/quantization_graph/results/disk_environment/.formal_runs/runs/formal_diskenv_20260826_043617_05a/05A_disk_quantizer_io/agnews/artifacts/test/SAQ_B4__payload_on_ssd__B2__c0__w1__r0.json
05a,agnews,SAQ_B4,payload_on_ssd,test,formal_diskenv_20260826_043617_05a,0,1,fixed_candidates_k220,rerank_candidates=220,220,,c0,1,0.991,101.0619808,9880.289884,9673.021,20529.089,21771.093,0.991,0.00144082828951,0.00283635337607,0.00842080808081,476.314169884,0,,,94023680,53.61,456.052,1867988.992,9373.250296,491.707845,0,13.755206,0,0,220,,,,,,,1000,01_quantizer_fair,official SAQ B=4 distance kernel,05a-saq-b4-native-odirect-v1,3dcadae2e84bad3e6350698617b3786b4c9a68b58ec309daacf576a596eb4b61,63ef625c7a9713ee555564f5ba3a211b10897e87616d3f7507d196bc6e386244,ac76f382baf55da7bbc61ba5baaa2d77f678f65a9439847b3c294f9e486eccc6,a0419a01095031fbe4ec00f92f55dfb6a54109fa4ea96d66ca36790e466c2c58,b92fae6ca12d310618d7bb738af1a11fcfe1af1d0a8fa843af640e89d0ab3a51,20260813,,,,True,True,4096,True,/home/msy2025/quantization_graph/results/disk_environment/.formal_runs/runs/formal_diskenv_20260826_043617_05a/05A_disk_quantizer_io/agnews/artifacts/test/SAQ_B4__payload_on_ssd__B2__c0__w1__r0.json
05a,agnews,SAQ_B4,payload_on_ssd,test,formal_diskenv_20260826_043617_05a,0,1,fixed_candidates_k260,rerank_candidates=260,260,,c0,1,0.991,86.8359491327,11501.768764,9924.863,21167.71,24631.263,0.991,0.00135884230837,0.00275646610124,0.00842080808081,476.314169884,0,,,94023680,62.136,530.719,2173825.024,10907.905874,575.966881,0,16.106935,0,0,260,,,,,,,1000,01_quantizer_fair,official SAQ B=4 distance kernel,05a-saq-b4-native-odirect-v1,3dcadae2e84bad3e6350698617b3786b4c9a68b58ec309daacf576a596eb4b61,63ef625c7a9713ee555564f5ba3a211b10897e87616d3f7507d196bc6e386244,ac76f382baf55da7bbc61ba5baaa2d77f678f65a9439847b3c294f9e486eccc6,a0419a01095031fbe4ec00f92f55dfb6a54109fa4ea96d66ca36790e466c2c58,b92fae6ca12d310618d7bb738af1a11fcfe1af1d0a8fa843af640e89d0ab3a51,20260813,,,,True,True,4096,True,/home/msy2025/quantization_graph/results/disk_environment/.formal_runs/runs/formal_diskenv_20260826_043617_05a/05A_disk_quantizer_io/agnews/artifacts/test/SAQ_B4__payload_on_ssd__B2__c0__w1__r0.json
05a,agnews,SAQ_B4,payload_on_ssd,test,formal_diskenv_20260826_043617_05a,0,1,fixed_candidates_k300,rerank_candidates=300,300,,c0,1,0.991,76.2491242515,13099.860559,10194.409,21931.48,30249.7,0.991,0.00129729286635,0.00268937969776,0.00842080808081,476.314169884,0,,,94023680,70.446,604.361,2475462.656,12409.020906,670.219732,0,18.578776,0,0,300,,,,,,,1000,01_quantizer_fair,official SAQ B=4 distance kernel,05a-saq-b4-native-odirect-v1,3dcadae2e84bad3e6350698617b3786b4c9a68b58ec309daacf576a596eb4b61,63ef625c7a9713ee555564f5ba3a211b10897e87616d3f7507d196bc6e386244,ac76f382baf55da7bbc61ba5baaa2d77f678f65a9439847b3c294f9e486eccc6,a0419a01095031fbe4ec00f92f55dfb6a54109fa4ea96d66ca36790e466c2c58,b92fae6ca12d310618d7bb738af1a11fcfe1af1d0a8fa843af640e89d0ab3a51,20260813,,,,True,True,4096,True,/home/msy2025/quantization_graph/results/disk_environment/.formal_runs/runs/formal_diskenv_20260826_043617_05a/05A_disk_quantizer_io/agnews/artifacts/test/SAQ_B4__payload_on_ssd__B2__c0__w1__r0.json
05a,agnews,SAQ_B4,payload_on_ssd,test,formal_diskenv_20260826_043617_05a,0,1,fixed_candidates_k340,rerank_candidates=340,340,,c0,1,0.991,67.9768936617,14695.098591,11138.761,29097.028,30926.821,0.991,0.00124953210914,0.00264005322326,0.00842080808081,476.314169884,0,,,94023680,78.693,677.93,2776801.28,13927.208512,744.64443,0,21.013452,0,0,340,,,,,,,1000,01_quantizer_fair,official SAQ B=4 distance kernel,05a-saq-b4-native-odirect-v1,3dcadae2e84bad3e6350698617b3786b4c9a68b58ec309daacf576a596eb4b61,63ef625c7a9713ee555564f5ba3a211b10897e87616d3f7507d196bc6e386244,ac76f382baf55da7bbc61ba5baaa2d77f678f65a9439847b3c294f9e486eccc6,a0419a01095031fbe4ec00f92f55dfb6a54109fa4ea96d66ca36790e466c2c58,b92fae6ca12d310618d7bb738af1a11fcfe1af1d0a8fa843af640e89d0ab3a51,20260813,,,,True,True,4096,True,/home/msy2025/quantization_graph/results/disk_environment/.formal_runs/runs/formal_diskenv_20260826_043617_05a/05A_disk_quantizer_io/agnews/artifacts/test/SAQ_B4__payload_on_ssd__B2__c0__w1__r0.json
05a,agnews,SAQ_B4,payload_on_ssd,test,formal_diskenv_20260826_043617_05a,0,1,fixed_candidates_k380,rerank_candidates=380,380,,c0,1,0.991,61.459513265,16255.059335,19050.9,30410.328,31550.738,0.991,0.00121113114074,0.00259875574512,0.00842080808081,476.314169884,0,,,94023680,86.648,749.819,3071258.624,15412.214797,816.887837,0,23.494185,0,0,380,,,,,,,1000,01_quantizer_fair,official SAQ B=4 distance kernel,05a-saq-b4-native-odirect-v1,3dcadae2e84bad3e6350698617b3786b4c9a68b58ec309daacf576a596eb4b61,63ef625c7a9713ee555564f5ba3a211b10897e87616d3f7507d196bc6e386244,ac76f382baf55da7bbc61ba5baaa2d77f678f65a9439847b3c294f9e486eccc6,a0419a01095031fbe4ec00f92f55dfb6a54109fa4ea96d66ca36790e466c2c58,b92fae6ca12d310618d7bb738af1a11fcfe1af1d0a8fa843af640e89d0ab3a51,20260813,,,,True,True,4096,True,/home/msy2025/quantization_graph/results/disk_environment/.formal_runs/runs/formal_diskenv_20260826_043617_05a/05A_disk_quantizer_io/agnews/artifacts/test/SAQ_B4__payload_on_ssd__B2__c0__w1__r0.json
05a,agnews,SAQ_B4,payload_on_ssd,test,formal_diskenv_20260826_043617_05a,0,1,fixed_candidates_k420,rerank_candidates=420,420,,c0,1,0.991,56.0636583043,17820.61978,19698.531,30988.45,39548.887,0.991,0.00117935876208,0.00256272767251,0.00842080808081,476.314169884,0,,,94023680,94.646,821.236,3363782.656,16903.623896,888.388805,0,25.908007,0,0,420,,,,,,,1000,01_quantizer_fair,official SAQ B=4 distance kernel,05a-saq-b4-native-odirect-v1,3dcadae2e84bad3e6350698617b3786b4c9a68b58ec309daacf576a596eb4b61,63ef625c7a9713ee555564f5ba3a211b10897e87616d3f7507d196bc6e386244,ac76f382baf55da7bbc61ba5baaa2d77f678f65a9439847b3c294f9e486eccc6,a0419a01095031fbe4ec00f92f55dfb6a54109fa4ea96d66ca36790e466c2c58,b92fae6ca12d310618d7bb738af1a11fcfe1af1d0a8fa843af640e89d0ab3a51,20260813,,,,True,True,4096,True,/home/msy2025/quantization_graph/results/disk_environment/.formal_runs/runs/formal_diskenv_20260826_043617_05a/05A_disk_quantizer_io/agnews/artifacts/test/SAQ_B4__payload_on_ssd__B2__c0__w1__r0.json
05a,agnews,SAQ_B4,payload_on_ssd,test,formal_diskenv_20260826_043617_05a,0,1,fixed_candidates_k460,rerank_candidates=460,460,,c0,1,0.991,51.6291972752,19353.044027,19966.924,31358.485,40726.292,0.991,0.0011523880935,0.00253357067229,0.00842080808081,476.314169884,0,,,94023680,102.507,892.134,3654180.864,18363.134049,958.572907,0,28.485061,0,0,460,,,,,,,1000,01_quantizer_fair,official SAQ B=4 distance kernel,05a-saq-b4-native-odirect-v1,3dcadae2e84bad3e6350698617b3786b4c9a68b58ec309daacf576a596eb4b61,63ef625c7a9713ee555564f5ba3a211b10897e87616d3f7507d196bc6e386244,ac76f382baf55da7bbc61ba5baaa2d77f678f65a9439847b3c294f9e486eccc6,a0419a01095031fbe4ec00f92f55dfb6a54109fa4ea96d66ca36790e466c2c58,b92fae6ca12d310618d7bb738af1a11fcfe1af1d0a8fa843af640e89d0ab3a51,20260813,,,,True,True,4096,True,/home/msy2025/quantization_graph/results/disk_environment/.formal_runs/runs/formal_diskenv_20260826_043617_05a/05A_disk_quantizer_io/agnews/artifacts/test/SAQ_B4__payload_on_ssd__B2__c0__w1__r0.json
05a,agnews,Ours_RaBitQ_K1,resident,test,formal_diskenv_20260826_043617_05a,0,1,fixed_candidates_k10,rerank_candidates=10,10,,c0,1,1,107572.466999,9.11433,8.651,13.089,17.896,1,0.00845322463542,0.0214999493034,0.0445111111111,957.531272888,1004044288,,,1052770304,0,0,0,0,6.713412,0,2.298043,0,0,10,,,,,,,1000,01_quantizer_fair,hnswlib::RaBitQSpace K=1,05a-rabitq-k1-native-odirect-v1,ac6281f3c74243614c2779b5025d952cb0d4d247b55bb979846258d6ebf03e19,63ef625c7a9713ee555564f5ba3a211b10897e87616d3f7507d196bc6e386244,68bb085ee6bcc9eae91affcde7a4ef658297a0e6104716ab0e58ee053dd8276d,a0419a01095031fbe4ec00f92f55dfb6a54109fa4ea96d66ca36790e466c2c58,b92fae6ca12d310618d7bb738af1a11fcfe1af1d0a8fa843af640e89d0ab3a51,20260813,,,,False,False,4096,True,/home/msy2025/quantization_graph/results/disk_environment/.formal_runs/runs/formal_diskenv_20260826_043617_05a/05A_disk_quantizer_io/agnews/artifacts/test/Ours_RaBitQ_K1__resident__B2__c0__w1__r0.json
05a,agnews,Ours_RaBitQ_K1,resident,test,formal_diskenv_20260826_043617_05a,0,1,fixed_candidates_k11,rerank_candidates=11,11,,c0,1,0.9698,110441.040774,8.879901,8.586,9.099,18.981,0.9698,0.00829361560764,0.0210094119305,0.0448181818182,957.531272888,1004044288,,,1052770304,0,0,0,0,6.654559,0,2.124652,0,0,11,,,,,,,1000,01_quantizer_fair,hnswlib::RaBitQSpace K=1,05a-rabitq-k1-native-odirect-v1,ac6281f3c74243614c2779b5025d952cb0d4d247b55bb979846258d6ebf03e19,63ef625c7a9713ee555564f5ba3a211b10897e87616d3f7507d196bc6e386244,68bb085ee6bcc9eae91affcde7a4ef658297a0e6104716ab0e58ee053dd8276d,a0419a01095031fbe4ec00f92f55dfb6a54109fa4ea96d66ca36790e466c2c58,b92fae6ca12d310618d7bb738af1a11fcfe1af1d0a8fa843af640e89d0ab3a51,20260813,,,,False,False,4096,True,/home/msy2025/quantization_graph/results/disk_environment/.formal_runs/runs/formal_diskenv_20260826_043617_05a/05A_disk_quantizer_io/agnews/artifacts/test/Ours_RaBitQ_K1__resident__B2__c0__w1__r0.json
05a,agnews,Ours_RaBitQ_K1,resident,test,formal_diskenv_20260826_043617_05a,0,1,fixed_candidates_k12,rerank_candidates=12,12,,c0,1,0.9622,116043.797714,8.432847,7.82,12.969,17.966,0.9622,0.00817234077122,0.0205982930859,0.0446363636364,957.531272888,1004044288,,,1052770304,0,0,0,0,6.825434,0,1.501538,0,0,12,,,,,,,1000,01_quantizer_fair,hnswlib::RaBitQSpace K=1,05a-rabitq-k1-native-odirect-v1,ac6281f3c74243614c2779b5025d952cb0d4d247b55bb979846258d6ebf03e19,63ef625c7a9713ee555564f5ba3a211b10897e87616d3f7507d196bc6e386244,68bb085ee6bcc9eae91affcde7a4ef658297a0e6104716ab0e58ee053dd8276d,a0419a01095031fbe4ec00f92f55dfb6a54109fa4ea96d66ca36790e466c2c58,b92fae6ca12d310618d7bb738af1a11fcfe1af1d0a8fa843af640e89d0ab3a51,20260813,,,,False,False,4096,True,/home/msy2025/quantization_graph/results/disk_environment/.formal_runs/runs/formal_diskenv_20260826_043617_05a/05A_disk_quantizer_io/agnews/artifacts/test/Ours_RaBitQ_K1__resident__B2__c0__w1__r0.json
05a,agnews,Ours_RaBitQ_K1,resident,test,formal_diskenv_20260826_043617_05a,0,1,fixed_candidates_k13,rerank_candidates=13,13,,c0,1,0.9599,114449.22626,8.544996,8.096,12.748,18.368,0.9599,0.00806062140456,0.0202076781739,0.0448333333333,957.531272888,1004044288,,,1052770304,0,0,0,0,6.909404,0,1.526015,0,0,13,,,,,,,1000,01_quantizer_fair,hnswlib::RaBitQSpace K=1,05a-rabitq-k1-native-odirect-v1,ac6281f3c74243614c2779b5025d952cb0d4d247b55bb979846258d6ebf03e19,63ef625c7a9713ee555564f5ba3a211b10897e87616d3f7507d196bc6e386244,68bb085ee6bcc9eae91affcde7a4ef658297a0e6104716ab0e58ee053dd8276d,a0419a01095031fbe4ec00f92f55dfb6a54109fa4ea96d66ca36790e466c2c58,b92fae6ca12d310618d7bb738af1a11fcfe1af1d0a8fa843af640e89d0ab3a51,20260813,,,,False,False,4096,True,/home/msy2025/quantization_graph/results/disk_environment/.formal_runs/runs/formal_diskenv_20260826_043617_05a/05A_disk_quantizer_io/agnews/artifacts/test/Ours_RaBitQ_K1__resident__B2__c0__w1__r0.json
05a,agnews,Ours_RaBitQ_K1,resident,test,formal_diskenv_20260826_043617_05a,0,1,fixed_candidates_k14,rerank_candidates=14,14,,c0,1,0.9585,110991.351443,8.8242,8.315,13.185,19.254,0.9585,0.00796490044793,0.0199529372789,0.0455384615385,957.531272888,1004044288,,,1052770304,0,0,0,0,6.977814,0,1.735968,0,0,14,,,,,,,1000,01_quantizer_fair,hnswlib::RaBitQSpace K=1,05a-rabitq-k1-native-odirect-v1,ac6281f3c74243614c2779b5025d952cb0d4d247b55bb979846258d6ebf03e19,63ef625c7a9713ee555564f5ba3a211b10897e87616d3f7507d196bc6e386244,68bb085ee6bcc9eae91affcde7a4ef658297a0e6104716ab0e58ee053dd8276d,a0419a01095031fbe4ec00f92f55dfb6a54109fa4ea96d66ca36790e466c2c58,b92fae6ca12d310618d7bb738af1a11fcfe1af1d0a8fa843af640e89d0ab3a51,20260813,,,,False,False,4096,True,/home/msy2025/quantization_graph/results/disk_environment/.formal_runs/runs/formal_diskenv_20260826_043617_05a/05A_disk_quantizer_io/agnews/artifacts/test/Ours_RaBitQ_K1__resident__B2__c0__w1__r0.json
05a,agnews,Ours_RaBitQ_K1,resident,test,formal_diskenv_20260826_043617_05a,0,1,fixed_candidates_k15,rerank_candidates=15,15,,c0,1,0.9579,106908.170799,9.175863,8.571,13.209,18.898,0.9579,0.00788638992757,0.0198010048271,0.0455619047619,957.531272888,1004044288,,,1052770304,0,0,0,0,7.332026,0,1.734074,0,0,15,,,,,,,1000,01_quantizer_fair,hnswlib::RaBitQSpace K=1,05a-rabitq-k1-native-odirect-v1,ac6281f3c74243614c2779b5025d952cb0d4d247b55bb979846258d6ebf03e19,63ef625c7a9713ee555564f5ba3a211b10897e87616d3f7507d196bc6e386244,68bb085ee6bcc9eae91affcde7a4ef658297a0e6104716ab0e58ee053dd8276d,a0419a01095031fbe4ec00f92f55dfb6a54109fa4ea96d66ca36790e466c2c58,b92fae6ca12d310618d7bb738af1a11fcfe1af1d0a8fa843af640e89d0ab3a51,20260813,,,,False,False,4096,True,/home/msy2025/quantization_graph/results/disk_environment/.formal_runs/runs/formal_diskenv_20260826_043617_05a/05A_disk_quantizer_io/agnews/artifacts/test/Ours_RaBitQ_K1__resident__B2__c0__w1__r0.json
05a,agnews,Ours_RaBitQ_K1,resident,test,formal_diskenv_20260826_043617_05a,0,1,fixed_candidates_k16,rerank_candidates=16,16,,c0,1,0.9578,101401.50056,9.657743,8.858,13.657,20.298,0.9578,0.00780887164782,0.0195765574306,0.0451583333333,957.531272888,1004044288,,,1052770304,0,0,0,0,7.669395,0,1.866158,0,0,16,,,,,,,1000,01_quantizer_fair,hnswlib::RaBitQSpace K=1,05a-rabitq-k1-native-odirect-v1,ac6281f3c74243614c2779b5025d952cb0d4d247b55bb979846258d6ebf03e19,63ef625c7a9713ee555564f5ba3a211b10897e87616d3f7507d196bc6e386244,68bb085ee6bcc9eae91affcde7a4ef658297a0e6104716ab0e58ee053dd8276d,a0419a01095031fbe4ec00f92f55dfb6a54109fa4ea96d66ca36790e466c2c58,b92fae6ca12d310618d7bb738af1a11fcfe1af1d0a8fa843af640e89d0ab3a51,20260813,,,,False,False,4096,True,/home/msy2025/quantization_graph/results/disk_environment/.formal_runs/runs/formal_diskenv_20260826_043617_05a/05A_disk_quantizer_io/agnews/artifacts/test/Ours_RaBitQ_K1__resident__B2__c0__w1__r0.json
05a,agnews,Ours_RaBitQ_K1,resident,test,formal_diskenv_20260826_043617_05a,0,1,fixed_candidates_k17,rerank_candidates=17,17,,c0,1,0.9578,103553.178803,9.474622,8.944,13.724,19.394,0.9578,0.00773178073899,0.0193450770984,0.0451911764706,957.531272888,1004044288,,,1052770304,0,0,0,0,7.379895,0,1.972359,0,0,17,,,,,,,1000,01_quantizer_fair,hnswlib::RaBitQSpace K=1,05a-rabitq-k1-native-odirect-v1,ac6281f3c74243614c2779b5025d952cb0d4d247b55bb979846258d6ebf03e19,63ef625c7a9713ee555564f5ba3a211b10897e87616d3f7507d196bc6e386244,68bb085ee6bcc9eae91affcde7a4ef658297a0e6104716ab0e58ee053dd8276d,a0419a01095031fbe4ec00f92f55dfb6a54109fa4ea96d66ca36790e466c2c58,b92fae6ca12d310618d7bb738af1a11fcfe1af1d0a8fa843af640e89d0ab3a51,20260813,,,,False,False,4096,True,/home/msy2025/quantization_graph/results/disk_environment/.formal_runs/runs/formal_diskenv_20260826_043617_05a/05A_disk_quantizer_io/agnews/artifacts/test/Ours_RaBitQ_K1__resident__B2__c0__w1__r0.json
05a,agnews,Ours_RaBitQ_K1,resident,test,formal_diskenv_20260826_043617_05a,0,1,fixed_candidates_k18,rerank_candidates=18,18,,c0,1,0.9576,106746.928971,9.190174,8.863,9.282,19.493,0.9576,0.0076847626991,0.0192342748356,0.0449346405229,957.531272888,1004044288,,,1052770304,0,0,0,0,7.237913,0,1.83371,0,0,18,,,,,,,1000,01_quantizer_fair,hnswlib::RaBitQSpace K=1,05a-rabitq-k1-native-odirect-v1,ac6281f3c74243614c2779b5025d952cb0d4d247b55bb979846258d6ebf03e19,63ef625c7a9713ee555564f5ba3a211b10897e87616d3f7507d196bc6e386244,68bb085ee6bcc9eae91affcde7a4ef658297a0e6104716ab0e58ee053dd8276d,a0419a01095031fbe4ec00f92f55dfb6a54109fa4ea96d66ca36790e466c2c58,b92fae6ca12d310618d7bb738af1a11fcfe1af1d0a8fa843af640e89d0ab3a51,20260813,,,,False,False,4096,True,/home/msy2025/quantization_graph/results/disk_environment/.formal_runs/runs/formal_diskenv_20260826_043617_05a/05A_disk_quantizer_io/agnews/artifacts/test/Ours_RaBitQ_K1__resident__B2__c0__w1__r0.json
05a,agnews,Ours_RaBitQ_K1,resident,test,formal_diskenv_20260826_043617_05a,0,1,fixed_candidates_k19,rerank_candidates=19,19,,c0,1,0.9576,105149.939081,9.326103,8.997,9.928,19.429,0.9576,0.00762245701301,0.0190857053679,0.0448713450292,957.531272888,1004044288,,,1052770304,0,0,0,0,7.402633,0,1.806475,0,0,19,,,,,,,1000,01_quantizer_fair,hnswlib::RaBitQSpace K=1,05a-rabitq-k1-native-odirect-v1,ac6281f3c74243614c2779b5025d952cb0d4d247b55bb979846258d6ebf03e19,63ef625c7a9713ee555564f5ba3a211b10897e87616d3f7507d196bc6e386244,68bb085ee6bcc9eae91affcde7a4ef658297a0e6104716ab0e58ee053dd8276d,a0419a01095031fbe4ec00f92f55dfb6a54109fa4ea96d66ca36790e466c2c58,b92fae6ca12d310618d7bb738af1a11fcfe1af1d0a8fa843af640e89d0ab3a51,20260813,,,,False,False,4096,True,/home/msy2025/quantization_graph/results/disk_environment/.formal_runs/runs/formal_diskenv_20260826_043617_05a/05A_disk_quantizer_io/agnews/artifacts/test/Ours_RaBitQ_K1__resident__B2__c0__w1__r0.json
05a,agnews,Ours_RaBitQ_K1,resident,test,formal_diskenv_20260826_043617_05a,0,1,fixed_candidates_k20,rerank_candidates=20,20,,c0,1,0.9576,99883.8849837,9.837322,9.074,13.891,21.751,0.9576,0.00756289962909,0.0188739243687,0.0446894736842,957.531272888,1004044288,,,1052770304,0,0,0,0,7.85815,0,1.855813,0,0,20,,,,,,,1000,01_quantizer_fair,hnswlib::RaBitQSpace K=1,05a-rabitq-k1-native-odirect-v1,ac6281f3c74243614c2779b5025d952cb0d4d247b55bb979846258d6ebf03e19,63ef625c7a9713ee555564f5ba3a211b10897e87616d3f7507d196bc6e386244,68bb085ee6bcc9eae91affcde7a4ef658297a0e6104716ab0e58ee053dd8276d,a0419a01095031fbe4ec00f92f55dfb6a54109fa4ea96d66ca36790e466c2c58,b92fae6ca12d310618d7bb738af1a11fcfe1af1d0a8fa843af640e89d0ab3a51,20260813,,,,False,False,4096,True,/home/msy2025/quantization_graph/results/disk_environment/.formal_runs/runs/formal_diskenv_20260826_043617_05a/05A_disk_quantizer_io/agnews/artifacts/test/Ours_RaBitQ_K1__resident__B2__c0__w1__r0.json
05a,agnews,Ours_RaBitQ_K1,resident,test,formal_diskenv_20260826_043617_05a,0,1,fixed_candidates_k21,rerank_candidates=21,21,,c0,1,0.9576,102544.456098,9.566726,9.087,13.915,19.215,0.9576,0.00750195771129,0.0187538296678,0.0448333333333,957.531272888,1004044288,,,1052770304,0,0,0,0,7.553909,0,1.893508,0,0,21,,,,,,,1000,01_quantizer_fair,hnswlib::RaBitQSpace K=1,05a-rabitq-k1-native-odirect-v1,ac6281f3c74243614c2779b5025d952cb0d4d247b55bb979846258d6ebf03e19,63ef625c7a9713ee555564f5ba3a211b10897e87616d3f7507d196bc6e386244,68bb085ee6bcc9eae91affcde7a4ef658297a0e6104716ab0e58ee053dd8276d,a0419a01095031fbe4ec00f92f55dfb6a54109fa4ea96d66ca36790e466c2c58,b92fae6ca12d310618d7bb738af1a11fcfe1af1d0a8fa843af640e89d0ab3a51,20260813,,,,False,False,4096,True,/home/msy2025/quantization_graph/results/disk_environment/.formal_runs/runs/formal_diskenv_20260826_043617_05a/05A_disk_quantizer_io/agnews/artifacts/test/Ours_RaBitQ_K1__resident__B2__c0__w1__r0.json
05a,agnews,Ours_RaBitQ_K1,resident,test,formal_diskenv_20260826_043617_05a,0,1,fixed_candidates_k22,rerank_candidates=22,22,,c0,1,0.9576,96345.8244731,10.190007,9.614,14.231,21.967,0.9576,0.00744138249812,0.01857673759,0.0446363636364,957.531272888,1004044288,,,1052770304,0,0,0,0,7.912506,0,2.154184,0,0,22,,,,,,,1000,01_quantizer_fair,hnswlib::RaBitQSpace K=1,05a-rabitq-k1-native-odirect-v1,ac6281f3c74243614c2779b5025d952cb0d4d247b55bb979846258d6ebf03e19,63ef625c7a9713ee555564f5ba3a211b10897e87616d3f7507d196bc6e386244,68bb085ee6bcc9eae91affcde7a4ef658297a0e6104716ab0e58ee053dd8276d,a0419a01095031fbe4ec00f92f55dfb6a54109fa4ea96d66ca36790e466c2c58,b92fae6ca12d310618d7bb738af1a11fcfe1af1d0a8fa843af640e89d0ab3a51,20260813,,,,False,False,4096,True,/home/msy2025/quantization_graph/results/disk_environment/.formal_runs/runs/formal_diskenv_20260826_043617_05a/05A_disk_quantizer_io/agnews/artifacts/test/Ours_RaBitQ_K1__resident__B2__c0__w1__r0.json
05a,agnews,Ours_RaBitQ_K1,resident,test,formal_diskenv_20260826_043617_05a,0,1,fixed_candidates_k23,rerank_candidates=23,23,,c0,1,0.9576,93579.9476888,10.466818,9.957,14.602,21.155,0.9576,0.00738009232371,0.0184468079335,0.044256916996,957.531272888,1004044288,,,1052770304,0,0,0,0,7.926846,0,2.412469,0,0,23,,,,,,,1000,01_quantizer_fair,hnswlib::RaBitQSpace K=1,05a-rabitq-k1-native-odirect-v1,ac6281f3c74243614c2779b5025d952cb0d4d247b55bb979846258d6ebf03e19,63ef625c7a9713ee555564f5ba3a211b10897e87616d3f7507d196bc6e386244,68bb085ee6bcc9eae91affcde7a4ef658297a0e6104716ab0e58ee053dd8276d,a0419a01095031fbe4ec00f92f55dfb6a54109fa4ea96d66ca36790e466c2c58,b92fae6ca12d310618d7bb738af1a11fcfe1af1d0a8fa843af640e89d0ab3a51,20260813,,,,False,False,4096,True,/home/msy2025/quantization_graph/results/disk_environment/.formal_runs/runs/formal_diskenv_20260826_043617_05a/05A_disk_quantizer_io/agnews/artifacts/test/Ours_RaBitQ_K1__resident__B2__c0__w1__r0.json
05a,agnews,Ours_RaBitQ_K1,resident,test,formal_diskenv_20260826_043617_05a,0,1,fixed_candidates_k24,rerank_candidates=24,24,,c0,1,0.9576,91379.8048986,10.753826,10.02,14.869,23.132,0.9576,0.00734098911113,0.0183450177609,0.0443297101449,957.531272888,1004044288,,,1052770304,0,0,0,0,8.161705,0,2.450909,0,0,24,,,,,,,1000,01_quantizer_fair,hnswlib::RaBitQSpace K=1,05a-rabitq-k1-native-odirect-v1,ac6281f3c74243614c2779b5025d952cb0d4d247b55bb979846258d6ebf03e19,63ef625c7a9713ee555564f5ba3a211b10897e87616d3f7507d196bc6e386244,68bb085ee6bcc9eae91affcde7a4ef658297a0e6104716ab0e58ee053dd8276d,a0419a01095031fbe4ec00f92f55dfb6a54109fa4ea96d66ca36790e466c2c58,b92fae6ca12d310618d7bb738af1a11fcfe1af1d0a8fa843af640e89d0ab3a51,20260813,,,,False,False,4096,True,/home/msy2025/quantization_graph/results/disk_environment/.formal_runs/runs/formal_diskenv_20260826_043617_05a/05A_disk_quantizer_io/agnews/artifacts/test/Ours_RaBitQ_K1__resident__B2__c0__w1__r0.json
05a,agnews,Ours_RaBitQ_K1,resident,test,formal_diskenv_20260826_043617_05a,0,1,fixed_candidates_k25,rerank_candidates=25,25,,c0,1,0.9576,91574.1775105,10.727655,10.006,14.623,21.625,0.9576,0.0072951571446,0.0181664541417,0.0441833333333,957.531272888,1004044288,,,1052770304,0,0,0,0,8.278032,0,2.317507,0,0,25,,,,,,,1000,01_quantizer_fair,hnswlib::RaBitQSpace K=1,05a-rabitq-k1-native-odirect-v1,ac6281f3c74243614c2779b5025d952cb0d4d247b55bb979846258d6ebf03e19,63ef625c7a9713ee555564f5ba3a211b10897e87616d3f7507d196bc6e386244,68bb085ee6bcc9eae91affcde7a4ef658297a0e6104716ab0e58ee053dd8276d,a0419a01095031fbe4ec00f92f55dfb6a54109fa4ea96d66ca36790e466c2c58,b92fae6ca12d310618d7bb738af1a11fcfe1af1d0a8fa843af640e89d0ab3a51,20260813,,,,False,False,4096,True,/home/msy2025/quantization_graph/results/disk_environment/.formal_runs/runs/formal_diskenv_20260826_043617_05a/05A_disk_quantizer_io/agnews/artifacts/test/Ours_RaBitQ_K1__resident__B2__c0__w1__r0.json
05a,agnews,Ours_RaBitQ_K1,resident,test,formal_diskenv_20260826_043617_05a,0,1,fixed_candidates_k26,rerank_candidates=26,26,,c0,1,0.9576,90042.1487298,10.912041,10.362,14.955,22.3,0.9576,0.00726080582521,0.018053210937,0.0439353846154,957.531272888,1004044288,,,1052770304,0,0,0,0,8.248863,0,2.50161,0,0,26,,,,,,,1000,01_quantizer_fair,hnswlib::RaBitQSpace K=1,05a-rabitq-k1-native-odirect-v1,ac6281f3c74243614c2779b5025d952cb0d4d247b55bb979846258d6ebf03e19,63ef625c7a9713ee555564f5ba3a211b10897e87616d3f7507d196bc6e386244,68bb085ee6bcc9eae91affcde7a4ef658297a0e6104716ab0e58ee053dd8276d,a0419a01095031fbe4ec00f92f55dfb6a54109fa4ea96d66ca36790e466c2c58,b92fae6ca12d310618d7bb738af1a11fcfe1af1d0a8fa843af640e89d0ab3a51,20260813,,,,False,False,4096,True,/home/msy2025/quantization_graph/results/disk_environment/.formal_runs/runs/formal_diskenv_20260826_043617_05a/05A_disk_quantizer_io/agnews/artifacts/test/Ours_RaBitQ_K1__resident__B2__c0__w1__r0.json
05a,agnews,Ours_RaBitQ_K1,resident,test,formal_diskenv_20260826_043617_05a,0,1,fixed_candidates_k27,rerank_candidates=27,27,,c0,1,0.9576,86948.6812363,11.289476,10.651,15.155,23.941,0.9576,0.00721969317063,0.0179743096248,0.0437606837607,957.531272888,1004044288,,,1052770304,0,0,0,0,8.293216,0,2.86555,0,0,27,,,,,,,1000,01_quantizer_fair,hnswlib::RaBitQSpace K=1,05a-rabitq-k1-native-odirect-v1,ac6281f3c74243614c2779b5025d952cb0d4d247b55bb979846258d6ebf03e19,63ef625c7a9713ee555564f5ba3a211b10897e87616d3f7507d196bc6e386244,68bb085ee6bcc9eae91affcde7a4ef658297a0e6104716ab0e58ee053dd8276d,a0419a01095031fbe4ec00f92f55dfb6a54109fa4ea96d66ca36790e466c2c58,b92fae6ca12d310618d7bb738af1a11fcfe1af1d0a8fa843af640e89d0ab3a51,20260813,,,,False,False,4096,True,/home/msy2025/quantization_graph/results/disk_environment/.formal_runs/runs/formal_diskenv_20260826_043617_05a/05A_disk_quantizer_io/agnews/artifacts/test/Ours_RaBitQ_K1__resident__B2__c0__w1__r0.json
05a,agnews,Ours_RaBitQ_K1,resident,test,formal_diskenv_20260826_043617_05a,0,1,fixed_candidates_k28,rerank_candidates=28,28,,c0,1,0.9576,85995.9765922,11.431395,10.812,15.489,23.637,0.9576,0.00718850496456,0.017920858403,0.0435767195767,957.531272888,1004044288,,,1052770304,0,0,0,0,8.380799,0,2.89871,0,0,28,,,,,,,1000,01_quantizer_fair,hnswlib::RaBitQSpace K=1,05a-rabitq-k1-native-odirect-v1,ac6281f3c74243614c2779b5025d952cb0d4d247b55bb979846258d6ebf03e19,63ef625c7a9713ee555564f5ba3a211b10897e87616d3f7507d196bc6e386244,68bb085ee6bcc9eae91affcde7a4ef658297a0e6104716ab0e58ee053dd8276d,a0419a01095031fbe4ec00f92f55dfb6a54109fa4ea96d66ca36790e466c2c58,b92fae6ca12d310618d7bb738af1a11fcfe1af1d0a8fa843af640e89d0ab3a51,20260813,,,,False,False,4096,True,/home/msy2025/quantization_graph/results/disk_environment/.formal_runs/runs/formal_diskenv_20260826_043617_05a/05A_disk_quantizer_io/agnews/artifacts/test/Ours_RaBitQ_K1__resident__B2__c0__w1__r0.json
05a,agnews,Ours_RaBitQ_K1,resident,test,formal_diskenv_20260826_043617_05a,0,1,fixed_candidates_k29,rerank_candidates=29,29,,c0,1,0.9576,85540.6016327,11.496457,11.03,14.855,23.337,0.9576,0.00715437622102,0.0178347652754,0.0435886699507,957.531272888,1004044288,,,1052770304,0,0,0,0,8.46037,0,2.886049,0,0,29,,,,,,,1000,01_quantizer_fair,hnswlib::RaBitQSpace K=1,05a-rabitq-k1-native-odirect-v1,ac6281f3c74243614c2779b5025d952cb0d4d247b55bb979846258d6ebf03e19,63ef625c7a9713ee555564f5ba3a211b10897e87616d3f7507d196bc6e386244,68bb085ee6bcc9eae91affcde7a4ef658297a0e6104716ab0e58ee053dd8276d,a0419a01095031fbe4ec00f92f55dfb6a54109fa4ea96d66ca36790e466c2c58,b92fae6ca12d310618d7bb738af1a11fcfe1af1d0a8fa843af640e89d0ab3a51,20260813,,,,False,False,4096,True,/home/msy2025/quantization_graph/results/disk_environment/.formal_runs/runs/formal_diskenv_20260826_043617_05a/05A_disk_quantizer_io/agnews/artifacts/test/Ours_RaBitQ_K1__resident__B2__c0__w1__r0.json
05a,agnews,Ours_RaBitQ_K1,resident,test,formal_diskenv_20260826_043617_05a,0,1,fixed_candidates_k30,rerank_candidates=30,30,,c0,1,0.9576,82589.6616079,11.90781,11.324,15.592,23.405,0.9576,0.00712566945661,0.0177417762952,0.043816091954,957.531272888,1004044288,,,1052770304,0,0,0,0,8.619349,0,3.149311,0,0,30,,,,,,,1000,01_quantizer_fair,hnswlib::RaBitQSpace K=1,05a-rabitq-k1-native-odirect-v1,ac6281f3c74243614c2779b5025d952cb0d4d247b55bb979846258d6ebf03e19,63ef625c7a9713ee555564f5ba3a211b10897e87616d3f7507d196bc6e386244,68bb085ee6bcc9eae91affcde7a4ef658297a0e6104716ab0e58ee053dd8276d,a0419a01095031fbe4ec00f92f55dfb6a54109fa4ea96d66ca36790e466c2c58,b92fae6ca12d310618d7bb738af1a11fcfe1af1d0a8fa843af640e89d0ab3a51,20260813,,,,False,False,4096,True,/home/msy2025/quantization_graph/results/disk_environment/.formal_runs/runs/formal_diskenv_20260826_043617_05a/05A_disk_quantizer_io/agnews/artifacts/test/Ours_RaBitQ_K1__resident__B2__c0__w1__r0.json
05a,agnews,Ours_RaBitQ_K1,resident,test,formal_diskenv_20260826_043617_05a,0,1,fixed_candidates_k40,rerank_candidates=40,40,,c0,1,0.9576,66762.2613232,14.747636,14.206,16.619,26.852,0.9576,0.0069139921464,0.0171501480464,0.04415,957.531272888,1004044288,,,1052770304,0,0,0,0,9.521634,0,5.072964,0,0,40,,,,,,,1000,01_quantizer_fair,hnswlib::RaBitQSpace K=1,05a-rabitq-k1-native-odirect-v1,ac6281f3c74243614c2779b5025d952cb0d4d247b55bb979846258d6ebf03e19,63ef625c7a9713ee555564f5ba3a211b10897e87616d3f7507d196bc6e386244,68bb085ee6bcc9eae91affcde7a4ef658297a0e6104716ab0e58ee053dd8276d,a0419a01095031fbe4ec00f92f55dfb6a54109fa4ea96d66ca36790e466c2c58,b92fae6ca12d310618d7bb738af1a11fcfe1af1d0a8fa843af640e89d0ab3a51,20260813,,,,False,False,4096,True,/home/msy2025/quantization_graph/results/disk_environment/.formal_runs/runs/formal_diskenv_20260826_043617_05a/05A_disk_quantizer_io/agnews/artifacts/test/Ours_RaBitQ_K1__resident__B2__c0__w1__r0.json
05a,agnews,Ours_RaBitQ_K1,resident,test,formal_diskenv_20260826_043617_05a,0,1,fixed_candidates_k50,rerank_candidates=50,50,,c0,1,0.9576,57016.7491262,17.320525,16.637,20.71,29.588,0.9576,0.00674469427575,0.0167339609206,0.0446302040816,957.531272888,1004044288,,,1052770304,0,0,0,0,10.454304,0,6.712777,0,0,50,,,,,,,1000,01_quantizer_fair,hnswlib::RaBitQSpace K=1,05a-rabitq-k1-native-odirect-v1,ac6281f3c74243614c2779b5025d952cb0d4d247b55bb979846258d6ebf03e19,63ef625c7a9713ee555564f5ba3a211b10897e87616d3f7507d196bc6e386244,68bb085ee6bcc9eae91affcde7a4ef658297a0e6104716ab0e58ee053dd8276d,a0419a01095031fbe4ec00f92f55dfb6a54109fa4ea96d66ca36790e466c2c58,b92fae6ca12d310618d7bb738af1a11fcfe1af1d0a8fa843af640e89d0ab3a51,20260813,,,,False,False,4096,True,/home/msy2025/quantization_graph/results/disk_environment/.formal_runs/runs/formal_diskenv_20260826_043617_05a/05A_disk_quantizer_io/agnews/artifacts/test/Ours_RaBitQ_K1__resident__B2__c0__w1__r0.json
05a,agnews,Ours_RaBitQ_K1,resident,test,formal_diskenv_20260826_043617_05a,0,1,fixed_candidates_k60,rerank_candidates=60,60,,c0,1,0.9576,52023.4792366,18.990087,18.491,22.177,30.03,0.9576,0.00662134616373,0.0164650294934,0.0444762711864,957.531272888,1004044288,,,1052770304,0,0,0,0,11.249596,0,7.58637,0,0,60,,,,,,,1000,01_quantizer_fair,hnswlib::RaBitQSpace K=1,05a-rabitq-k1-native-odirect-v1,ac6281f3c74243614c2779b5025d952cb0d4d247b55bb979846258d6ebf03e19,63ef625c7a9713ee555564f5ba3a211b10897e87616d3f7507d196bc6e386244,68bb085ee6bcc9eae91affcde7a4ef658297a0e6104716ab0e58ee053dd8276d,a0419a01095031fbe4ec00f92f55dfb6a54109fa4ea96d66ca36790e466c2c58,b92fae6ca12d310618d7bb738af1a11fcfe1af1d0a8fa843af640e89d0ab3a51,20260813,,,,False,False,4096,True,/home/msy2025/quantization_graph/results/disk_environment/.formal_runs/runs/formal_diskenv_20260826_043617_05a/05A_disk_quantizer_io/agnews/artifacts/test/Ours_RaBitQ_K1__resident__B2__c0__w1__r0.json
05a,agnews,Ours_RaBitQ_K1,resident,test,formal_diskenv_20260826_043617_05a,0,1,fixed_candidates_k70,rerank_candidates=70,70,,c0,1,0.9576,47368.2193637,20.876286,20.114,24.656,33.936,0.9576,0.00651528277085,0.0162437689463,0.0444952380952,957.531272888,1004044288,,,1052770304,0,0,0,0,12.304437,0,8.413452,0,0,70,,,,,,,1000,01_quantizer_fair,hnswlib::RaBitQSpace K=1,05a-rabitq-k1-native-odirect-v1,ac6281f3c74243614c2779b5025d952cb0d4d247b55bb979846258d6ebf03e19,63ef625c7a9713ee555564f5ba3a211b10897e87616d3f7507d196bc6e386244,68bb085ee6bcc9eae91affcde7a4ef658297a0e6104716ab0e58ee053dd8276d,a0419a01095031fbe4ec00f92f55dfb6a54109fa4ea96d66ca36790e466c2c58,b92fae6ca12d310618d7bb738af1a11fcfe1af1d0a8fa843af640e89d0ab3a51,20260813,,,,False,False,4096,True,/home/msy2025/quantization_graph/results/disk_environment/.formal_runs/runs/formal_diskenv_20260826_043617_05a/05A_disk_quantizer_io/agnews/artifacts/test/Ours_RaBitQ_K1__resident__B2__c0__w1__r0.json
05a,agnews,Ours_RaBitQ_K1,resident,test,formal_diskenv_20260826_043617_05a,0,1,fixed_candidates_k80,rerank_candidates=80,80,,c0,1,0.9576,42312.8670086,23.363165,22.5,29.834,36.714,0.9576,0.00642759179464,0.0160617211361,0.044685443038,957.531272888,1004044288,,,1052770304,0,0,0,0,13.530525,0,9.669719,0,0,80,,,,,,,1000,01_quantizer_fair,hnswlib::RaBitQSpace K=1,05a-rabitq-k1-native-odirect-v1,ac6281f3c74243614c2779b5025d952cb0d4d247b55bb979846258d6ebf03e19,63ef625c7a9713ee555564f5ba3a211b10897e87616d3f7507d196bc6e386244,68bb085ee6bcc9eae91affcde7a4ef658297a0e6104716ab0e58ee053dd8276d,a0419a01095031fbe4ec00f92f55dfb6a54109fa4ea96d66ca36790e466c2c58,b92fae6ca12d310618d7bb738af1a11fcfe1af1d0a8fa843af640e89d0ab3a51,20260813,,,,False,False,4096,True,/home/msy2025/quantization_graph/results/disk_environment/.formal_runs/runs/formal_diskenv_20260826_043617_05a/05A_disk_quantizer_io/agnews/artifacts/test/Ours_RaBitQ_K1__resident__B2__c0__w1__r0.json
05a,agnews,Ours_RaBitQ_K1,resident,test,formal_diskenv_20260826_043617_05a,0,1,fixed_candidates_k90,rerank_candidates=90,90,,c0,1,0.9576,38706.528456,25.57624,24.943,34.439,38.306,0.9576,0.00635462245839,0.0158630453442,0.0449058676654,957.531272888,1004044288,,,1052770304,0,0,0,0,14.019207,0,11.369546,0,0,90,,,,,,,1000,01_quantizer_fair,hnswlib::RaBitQSpace K=1,05a-rabitq-k1-native-odirect-v1,ac6281f3c74243614c2779b5025d952cb0d4d247b55bb979846258d6ebf03e19,63ef625c7a9713ee555564f5ba3a211b10897e87616d3f7507d196bc6e386244,68bb085ee6bcc9eae91affcde7a4ef658297a0e6104716ab0e58ee053dd8276d,a0419a01095031fbe4ec00f92f55dfb6a54109fa4ea96d66ca36790e466c2c58,b92fae6ca12d310618d7bb738af1a11fcfe1af1d0a8fa843af640e89d0ab3a51,20260813,,,,False,False,4096,True,/home/msy2025/quantization_graph/results/disk_environment/.formal_runs/runs/formal_diskenv_20260826_043617_05a/05A_disk_quantizer_io/agnews/artifacts/test/Ours_RaBitQ_K1__resident__B2__c0__w1__r0.json
05a,agnews,Ours_RaBitQ_K1,resident,test,formal_diskenv_20260826_043617_05a,0,1,fixed_candidates_k100,rerank_candidates=100,100,,c0,1,0.9576,35232.4691161,28.099529,27.421,37.511,41.349,0.9576,0.00629309848116,0.0157179712339,0.0449868686869,957.531272888,1004044288,,,1052770304,0,0,0,0,15.036544,0,12.877307,0,0,100,,,,,,,1000,01_quantizer_fair,hnswlib::RaBitQSpace K=1,05a-rabitq-k1-native-odirect-v1,ac6281f3c74243614c2779b5025d952cb0d4d247b55bb979846258d6ebf03e19,63ef625c7a9713ee555564f5ba3a211b10897e87616d3f7507d196bc6e386244,68bb085ee6bcc9eae91affcde7a4ef658297a0e6104716ab0e58ee053dd8276d,a0419a01095031fbe4ec00f92f55dfb6a54109fa4ea96d66ca36790e466c2c58,b92fae6ca12d310618d7bb738af1a11fcfe1af1d0a8fa843af640e89d0ab3a51,20260813,,,,False,False,4096,True,/home/msy2025/quantization_graph/results/disk_environment/.formal_runs/runs/formal_diskenv_20260826_043617_05a/05A_disk_quantizer_io/agnews/artifacts/test/Ours_RaBitQ_K1__resident__B2__c0__w1__r0.json
05a,agnews,Ours_RaBitQ_K1,resident,test,formal_diskenv_20260826_043617_05a,0,1,fixed_candidates_k140,rerank_candidates=140,140,,c0,1,0.9576,26083.859347,37.997734,37.084,47.727,53.369,0.9576,0.00613088113122,0.0152611798154,0.0449892929293,957.531272888,1004044288,,,1052770304,0,0,0,0,18.898947,0,18.913812,0,0,140,,,,,,,1000,01_quantizer_fair,hnswlib::RaBitQSpace K=1,05a-rabitq-k1-native-odirect-v1,ac6281f3c74243614c2779b5025d952cb0d4d247b55bb979846258d6ebf03e19,63ef625c7a9713ee555564f5ba3a211b10897e87616d3f7507d196bc6e386244,68bb085ee6bcc9eae91affcde7a4ef658297a0e6104716ab0e58ee053dd8276d,a0419a01095031fbe4ec00f92f55dfb6a54109fa4ea96d66ca36790e466c2c58,b92fae6ca12d310618d7bb738af1a11fcfe1af1d0a8fa843af640e89d0ab3a51,20260813,,,,False,False,4096,True,/home/msy2025/quantization_graph/results/disk_environment/.formal_runs/runs/formal_diskenv_20260826_043617_05a/05A_disk_quantizer_io/agnews/artifacts/test/Ours_RaBitQ_K1__resident__B2__c0__w1__r0.json
05a,agnews,Ours_RaBitQ_K1,resident,test,formal_diskenv_20260826_043617_05a,0,1,fixed_candidates_k180,rerank_candidates=180,180,,c0,1,0.9576,20805.3440773,47.656847,46.734,58.245,62.52,0.9576,0.00601405065092,0.0149786612303,0.0449892929293,957.531272888,1004044288,,,1052770304,0,0,0,0,22.328239,0,25.098175,0,0,180,,,,,,,1000,01_quantizer_fair,hnswlib::RaBitQSpace K=1,05a-rabitq-k1-native-odirect-v1,ac6281f3c74243614c2779b5025d952cb0d4d247b55bb979846258d6ebf03e19,63ef625c7a9713ee555564f5ba3a211b10897e87616d3f7507d196bc6e386244,68bb085ee6bcc9eae91affcde7a4ef658297a0e6104716ab0e58ee053dd8276d,a0419a01095031fbe4ec00f92f55dfb6a54109fa4ea96d66ca36790e466c2c58,b92fae6ca12d310618d7bb738af1a11fcfe1af1d0a8fa843af640e89d0ab3a51,20260813,,,,False,False,4096,True,/home/msy2025/quantization_graph/results/disk_environment/.formal_runs/runs/formal_diskenv_20260826_043617_05a/05A_disk_quantizer_io/agnews/artifacts/test/Ours_RaBitQ_K1__resident__B2__c0__w1__r0.json
05a,agnews,Ours_RaBitQ_K1,resident,test,formal_diskenv_20260826_043617_05a,0,1,fixed_candidates_k220,rerank_candidates=220,220,,c0,1,0.9576,17370.338802,57.118672,56.074,68.305,72.158,0.9576,0.00592102351507,0.0147516831253,0.0449892929293,957.531272888,1004044288,,,1052770304,0,0,0,0,25.923357,0,30.975107,0,0,220,,,,,,,1000,01_quantizer_fair,hnswlib::RaBitQSpace K=1,05a-rabitq-k1-native-odirect-v1,ac6281f3c74243614c2779b5025d952cb0d4d247b55bb979846258d6ebf03e19,63ef625c7a9713ee555564f5ba3a211b10897e87616d3f7507d196bc6e386244,68bb085ee6bcc9eae91affcde7a4ef658297a0e6104716ab0e58ee053dd8276d,a0419a01095031fbe4ec00f92f55dfb6a54109fa4ea96d66ca36790e466c2c58,b92fae6ca12d310618d7bb738af1a11fcfe1af1d0a8fa843af640e89d0ab3a51,20260813,,,,False,False,4096,True,/home/msy2025/quantization_graph/results/disk_environment/.formal_runs/runs/formal_diskenv_20260826_043617_05a/05A_disk_quantizer_io/agnews/artifacts/test/Ours_RaBitQ_K1__resident__B2__c0__w1__r0.json
05a,agnews,Ours_RaBitQ_K1,resident,test,formal_diskenv_20260826_043617_05a,0,1,fixed_candidates_k260,rerank_candidates=260,260,,c0,1,0.9576,15389.8036426,64.484757,63.555,75.584,80.13,0.9576,0.0058459490496,0.0145511016913,0.0449892929293,957.531272888,1004044288,,,1052770304,0,0,0,0,29.693472,0,34.561244,0,0,260,,,,,,,1000,01_quantizer_fair,hnswlib::RaBitQSpace K=1,05a-rabitq-k1-native-odirect-v1,ac6281f3c74243614c2779b5025d952cb0d4d247b55bb979846258d6ebf03e19,63ef625c7a9713ee555564f5ba3a211b10897e87616d3f7507d196bc6e386244,68bb085ee6bcc9eae91affcde7a4ef658297a0e6104716ab0e58ee053dd8276d,a0419a01095031fbe4ec00f92f55dfb6a54109fa4ea96d66ca36790e466c2c58,b92fae6ca12d310618d7bb738af1a11fcfe1af1d0a8fa843af640e89d0ab3a51,20260813,,,,False,False,4096,True,/home/msy2025/quantization_graph/results/disk_environment/.formal_runs/runs/formal_diskenv_20260826_043617_05a/05A_disk_quantizer_io/agnews/artifacts/test/Ours_RaBitQ_K1__resident__B2__c0__w1__r0.json
05a,agnews,Ours_RaBitQ_K1,resident,test,formal_diskenv_20260826_043617_05a,0,1,fixed_candidates_k300,rerank_candidates=300,300,,c0,1,0.9576,13011.3929578,76.340925,75.436,88.645,92.482,0.9576,0.00578190228323,0.014394198236,0.0449892929293,957.531272888,1004044288,,,1052770304,0,0,0,0,33.3267,0,42.786772,0,0,300,,,,,,,1000,01_quantizer_fair,hnswlib::RaBitQSpace K=1,05a-rabitq-k1-native-odirect-v1,ac6281f3c74243614c2779b5025d952cb0d4d247b55bb979846258d6ebf03e19,63ef625c7a9713ee555564f5ba3a211b10897e87616d3f7507d196bc6e386244,68bb085ee6bcc9eae91affcde7a4ef658297a0e6104716ab0e58ee053dd8276d,a0419a01095031fbe4ec00f92f55dfb6a54109fa4ea96d66ca36790e466c2c58,b92fae6ca12d310618d7bb738af1a11fcfe1af1d0a8fa843af640e89d0ab3a51,20260813,,,,False,False,4096,True,/home/msy2025/quantization_graph/results/disk_environment/.formal_runs/runs/formal_diskenv_20260826_043617_05a/05A_disk_quantizer_io/agnews/artifacts/test/Ours_RaBitQ_K1__resident__B2__c0__w1__r0.json
05a,agnews,Ours_RaBitQ_K1,resident,test,formal_diskenv_20260826_043617_05a,0,1,fixed_candidates_k340,rerank_candidates=340,340,,c0,1,0.9576,11778.8700429,84.397982,83.408,95.369,99.11,0.9576,0.00573373351995,0.0142678924669,0.0449892929293,957.531272888,1004044288,,,1052770304,0,0,0,0,37.050962,0,47.128017,0,0,340,,,,,,,1000,01_quantizer_fair,hnswlib::RaBitQSpace K=1,05a-rabitq-k1-native-odirect-v1,ac6281f3c74243614c2779b5025d952cb0d4d247b55bb979846258d6ebf03e19,63ef625c7a9713ee555564f5ba3a211b10897e87616d3f7507d196bc6e386244,68bb085ee6bcc9eae91affcde7a4ef658297a0e6104716ab0e58ee053dd8276d,a0419a01095031fbe4ec00f92f55dfb6a54109fa4ea96d66ca36790e466c2c58,b92fae6ca12d310618d7bb738af1a11fcfe1af1d0a8fa843af640e89d0ab3a51,20260813,,,,False,False,4096,True,/home/msy2025/quantization_graph/results/disk_environment/.formal_runs/runs/formal_diskenv_20260826_043617_05a/05A_disk_quantizer_io/agnews/artifacts/test/Ours_RaBitQ_K1__resident__B2__c0__w1__r0.json
05a,agnews,Ours_RaBitQ_K1,resident,test,formal_diskenv_20260826_043617_05a,0,1,fixed_candidates_k380,rerank_candidates=380,380,,c0,1,0.9576,10670.3166548,93.242948,92.027,104.605,109.288,0.9576,0.00569283966149,0.0141645070294,0.0449892929293,957.531272888,1004044288,,,1052770304,0,0,0,0,40.708243,0,52.308188,0,0,380,,,,,,,1000,01_quantizer_fair,hnswlib::RaBitQSpace K=1,05a-rabitq-k1-native-odirect-v1,ac6281f3c74243614c2779b5025d952cb0d4d247b55bb979846258d6ebf03e19,63ef625c7a9713ee555564f5ba3a211b10897e87616d3f7507d196bc6e386244,68bb085ee6bcc9eae91affcde7a4ef658297a0e6104716ab0e58ee053dd8276d,a0419a01095031fbe4ec00f92f55dfb6a54109fa4ea96d66ca36790e466c2c58,b92fae6ca12d310618d7bb738af1a11fcfe1af1d0a8fa843af640e89d0ab3a51,20260813,,,,False,False,4096,True,/home/msy2025/quantization_graph/results/disk_environment/.formal_runs/runs/formal_diskenv_20260826_043617_05a/05A_disk_quantizer_io/agnews/artifacts/test/Ours_RaBitQ_K1__resident__B2__c0__w1__r0.json
05a,agnews,Ours_RaBitQ_K1,resident,test,formal_diskenv_20260826_043617_05a,0,1,fixed_candidates_k420,rerank_candidates=420,420,,c0,1,0.9576,9319.42425417,106.660557,105.337,119.25,123.568,0.9576,0.00565332123499,0.0140693130907,0.0449892929293,957.531272888,1004044288,,,1052770304,0,0,0,0,44.901002,0,61.49793,0,0,420,,,,,,,1000,01_quantizer_fair,hnswlib::RaBitQSpace K=1,05a-rabitq-k1-native-odirect-v1,ac6281f3c74243614c2779b5025d952cb0d4d247b55bb979846258d6ebf03e19,63ef625c7a9713ee555564f5ba3a211b10897e87616d3f7507d196bc6e386244,68bb085ee6bcc9eae91affcde7a4ef658297a0e6104716ab0e58ee053dd8276d,a0419a01095031fbe4ec00f92f55dfb6a54109fa4ea96d66ca36790e466c2c58,b92fae6ca12d310618d7bb738af1a11fcfe1af1d0a8fa843af640e89d0ab3a51,20260813,,,,False,False,4096,True,/home/msy2025/quantization_graph/results/disk_environment/.formal_runs/runs/formal_diskenv_20260826_043617_05a/05A_disk_quantizer_io/agnews/artifacts/test/Ours_RaBitQ_K1__resident__B2__c0__w1__r0.json
05a,agnews,Ours_RaBitQ_K1,resident,test,formal_diskenv_20260826_043617_05a,0,1,fixed_candidates_k460,rerank_candidates=460,460,,c0,1,0.9576,8570.87300744,116.030324,114.17,128.309,132.87,0.9576,0.00562006815923,0.0139820163994,0.0449892929293,957.531272888,1004044288,,,1052770304,0,0,0,0,48.52518,0,67.227805,0,0,460,,,,,,,1000,01_quantizer_fair,hnswlib::RaBitQSpace K=1,05a-rabitq-k1-native-odirect-v1,ac6281f3c74243614c2779b5025d952cb0d4d247b55bb979846258d6ebf03e19,63ef625c7a9713ee555564f5ba3a211b10897e87616d3f7507d196bc6e386244,68bb085ee6bcc9eae91affcde7a4ef658297a0e6104716ab0e58ee053dd8276d,a0419a01095031fbe4ec00f92f55dfb6a54109fa4ea96d66ca36790e466c2c58,b92fae6ca12d310618d7bb738af1a11fcfe1af1d0a8fa843af640e89d0ab3a51,20260813,,,,False,False,4096,True,/home/msy2025/quantization_graph/results/disk_environment/.formal_runs/runs/formal_diskenv_20260826_043617_05a/05A_disk_quantizer_io/agnews/artifacts/test/Ours_RaBitQ_K1__resident__B2__c0__w1__r0.json
05a,agnews,Ours_RaBitQ_K1,payload_on_ssd,test,formal_diskenv_20260826_043617_05a,0,1,fixed_candidates_k10,rerank_candidates=10,10,,c0,1,1,1308.91227807,752.565514,729.51,1050.358,1317.051,1,0.00845322463542,0.0214999493034,0.0445111111111,957.531272888,0,,,53448704,9.998,13.163,53915.648,742.682079,7.770533,0,1.294857,0,0,10,,,,,,,1000,01_quantizer_fair,hnswlib::RaBitQSpace K=1,05a-rabitq-k1-native-odirect-v1,ac6281f3c74243614c2779b5025d952cb0d4d247b55bb979846258d6ebf03e19,63ef625c7a9713ee555564f5ba3a211b10897e87616d3f7507d196bc6e386244,68bb085ee6bcc9eae91affcde7a4ef658297a0e6104716ab0e58ee053dd8276d,a0419a01095031fbe4ec00f92f55dfb6a54109fa4ea96d66ca36790e466c2c58,b92fae6ca12d310618d7bb738af1a11fcfe1af1d0a8fa843af640e89d0ab3a51,20260813,,,,True,True,4096,True,/home/msy2025/quantization_graph/results/disk_environment/.formal_runs/runs/formal_diskenv_20260826_043617_05a/05A_disk_quantizer_io/agnews/artifacts/test/Ours_RaBitQ_K1__payload_on_ssd__B2__c0__w1__r0.json
05a,agnews,Ours_RaBitQ_K1,payload_on_ssd,test,formal_diskenv_20260826_043617_05a,0,1,fixed_candidates_k11,rerank_candidates=11,11,,c0,1,0.9698,988.134239001,1000.261326,752.748,1410.747,7049.881,0.9698,0.00829361560764,0.0210094119305,0.0448181818182,957.531272888,0,,,53448704,10.998,14.477,59297.792,990.240267,7.787736,0,1.407918,0,0,11,,,,,,,1000,01_quantizer_fair,hnswlib::RaBitQSpace K=1,05a-rabitq-k1-native-odirect-v1,ac6281f3c74243614c2779b5025d952cb0d4d247b55bb979846258d6ebf03e19,63ef625c7a9713ee555564f5ba3a211b10897e87616d3f7507d196bc6e386244,68bb085ee6bcc9eae91affcde7a4ef658297a0e6104716ab0e58ee053dd8276d,a0419a01095031fbe4ec00f92f55dfb6a54109fa4ea96d66ca36790e466c2c58,b92fae6ca12d310618d7bb738af1a11fcfe1af1d0a8fa843af640e89d0ab3a51,20260813,,,,True,True,4096,True,/home/msy2025/quantization_graph/results/disk_environment/.formal_runs/runs/formal_diskenv_20260826_043617_05a/05A_disk_quantizer_io/agnews/artifacts/test/Ours_RaBitQ_K1__payload_on_ssd__B2__c0__w1__r0.json
05a,agnews,Ours_RaBitQ_K1,payload_on_ssd,test,formal_diskenv_20260826_043617_05a,0,1,fixed_candidates_k12,rerank_candidates=12,12,,c0,1,0.9622,649.358228289,1528.302825,787.39,6433.562,7913.738,0.9622,0.00817234077122,0.0205982930859,0.0446363636364,957.531272888,0,,,53448704,11.998,15.803,64729.088,1517.692053,8.199214,0,1.546225,0,0,12,,,,,,,1000,01_quantizer_fair,hnswlib::RaBitQSpace K=1,05a-rabitq-k1-native-odirect-v1,ac6281f3c74243614c2779b5025d952cb0d4d247b55bb979846258d6ebf03e19,63ef625c7a9713ee555564f5ba3a211b10897e87616d3f7507d196bc6e386244,68bb085ee6bcc9eae91affcde7a4ef658297a0e6104716ab0e58ee053dd8276d,a0419a01095031fbe4ec00f92f55dfb6a54109fa4ea96d66ca36790e466c2c58,b92fae6ca12d310618d7bb738af1a11fcfe1af1d0a8fa843af640e89d0ab3a51,20260813,,,,True,True,4096,True,/home/msy2025/quantization_graph/results/disk_environment/.formal_runs/runs/formal_diskenv_20260826_043617_05a/05A_disk_quantizer_io/agnews/artifacts/test/Ours_RaBitQ_K1__payload_on_ssd__B2__c0__w1__r0.json
05a,agnews,Ours_RaBitQ_K1,payload_on_ssd,test,formal_diskenv_20260826_043617_05a,0,1,fixed_candidates_k13,rerank_candidates=13,13,,c0,1,0.9599,599.161159996,1656.811586,790.548,6455.787,7615.364,0.9599,0.00806062140456,0.0202076781739,0.0448333333333,957.531272888,0,,,53448704,12.998,17.129,70160.384,1646.101096,8.180749,0,1.634214,0,0,13,,,,,,,1000,01_quantizer_fair,hnswlib::RaBitQSpace K=1,05a-rabitq-k1-native-odirect-v1,ac6281f3c74243614c2779b5025d952cb0d4d247b55bb979846258d6ebf03e19,63ef625c7a9713ee555564f5ba3a211b10897e87616d3f7507d196bc6e386244,68bb085ee6bcc9eae91affcde7a4ef658297a0e6104716ab0e58ee053dd8276d,a0419a01095031fbe4ec00f92f55dfb6a54109fa4ea96d66ca36790e466c2c58,b92fae6ca12d310618d7bb738af1a11fcfe1af1d0a8fa843af640e89d0ab3a51,20260813,,,,True,True,4096,True,/home/msy2025/quantization_graph/results/disk_environment/.formal_runs/runs/formal_diskenv_20260826_043617_05a/05A_disk_quantizer_io/agnews/artifacts/test/Ours_RaBitQ_K1__payload_on_ssd__B2__c0__w1__r0.json
05a,agnews,Ours_RaBitQ_K1,payload_on_ssd,test,formal_diskenv_20260826_043617_05a,0,1,fixed_candidates_k14,rerank_candidates=14,14,,c0,1,0.9585,557.724577111,1781.631218,806.613,6889.888,7917.123,0.9585,0.00796490044793,0.0199529372789,0.0455384615385,957.531272888,0,,,53448704,13.998,18.425,75468.8,1770.709337,8.28856,0,1.705587,0,0,14,,,,,,,1000,01_quantizer_fair,hnswlib::RaBitQSpace K=1,05a-rabitq-k1-native-odirect-v1,ac6281f3c74243614c2779b5025d952cb0d4d247b55bb979846258d6ebf03e19,63ef625c7a9713ee555564f5ba3a211b10897e87616d3f7507d196bc6e386244,68bb085ee6bcc9eae91affcde7a4ef658297a0e6104716ab0e58ee053dd8276d,a0419a01095031fbe4ec00f92f55dfb6a54109fa4ea96d66ca36790e466c2c58,b92fae6ca12d310618d7bb738af1a11fcfe1af1d0a8fa843af640e89d0ab3a51,20260813,,,,True,True,4096,True,/home/msy2025/quantization_graph/results/disk_environment/.formal_runs/runs/formal_diskenv_20260826_043617_05a/05A_disk_quantizer_io/agnews/artifacts/test/Ours_RaBitQ_K1__payload_on_ssd__B2__c0__w1__r0.json
05a,agnews,Ours_RaBitQ_K1,payload_on_ssd,test,formal_diskenv_20260826_043617_05a,0,1,fixed_candidates_k15,rerank_candidates=15,15,,c0,1,0.9579,519.749889513,1912.200756,814.296,7044.077,7952.014,0.9579,0.00788638992757,0.0198010048271,0.0455619047619,957.531272888,0,,,53448704,14.998,19.737,80842.752,1900.571277,8.732667,0,1.925579,0,0,15,,,,,,,1000,01_quantizer_fair,hnswlib::RaBitQSpace K=1,05a-rabitq-k1-native-odirect-v1,ac6281f3c74243614c2779b5025d952cb0d4d247b55bb979846258d6ebf03e19,63ef625c7a9713ee555564f5ba3a211b10897e87616d3f7507d196bc6e386244,68bb085ee6bcc9eae91affcde7a4ef658297a0e6104716ab0e58ee053dd8276d,a0419a01095031fbe4ec00f92f55dfb6a54109fa4ea96d66ca36790e466c2c58,b92fae6ca12d310618d7bb738af1a11fcfe1af1d0a8fa843af640e89d0ab3a51,20260813,,,,True,True,4096,True,/home/msy2025/quantization_graph/results/disk_environment/.formal_runs/runs/formal_diskenv_20260826_043617_05a/05A_disk_quantizer_io/agnews/artifacts/test/Ours_RaBitQ_K1__payload_on_ssd__B2__c0__w1__r0.json
05a,agnews,Ours_RaBitQ_K1,payload_on_ssd,test,formal_diskenv_20260826_043617_05a,0,1,fixed_candidates_k16,rerank_candidates=16,16,,c0,1,0.9578,487.335291034,2036.029371,818.906,7245.232,8140.082,0.9578,0.00780887164782,0.0195765574306,0.0451583333333,957.531272888,0,,,53448704,15.997,21.076,86327.296,2024.241252,8.872144,0,1.916763,0,0,16,,,,,,,1000,01_quantizer_fair,hnswlib::RaBitQSpace K=1,05a-rabitq-k1-native-odirect-v1,ac6281f3c74243614c2779b5025d952cb0d4d247b55bb979846258d6ebf03e19,63ef625c7a9713ee555564f5ba3a211b10897e87616d3f7507d196bc6e386244,68bb085ee6bcc9eae91affcde7a4ef658297a0e6104716ab0e58ee053dd8276d,a0419a01095031fbe4ec00f92f55dfb6a54109fa4ea96d66ca36790e466c2c58,b92fae6ca12d310618d7bb738af1a11fcfe1af1d0a8fa843af640e89d0ab3a51,20260813,,,,True,True,4096,True,/home/msy2025/quantization_graph/results/disk_environment/.formal_runs/runs/formal_diskenv_20260826_043617_05a/05A_disk_quantizer_io/agnews/artifacts/test/Ours_RaBitQ_K1__payload_on_ssd__B2__c0__w1__r0.json
05a,agnews,Ours_RaBitQ_K1,payload_on_ssd,test,formal_diskenv_20260826_043617_05a,0,1,fixed_candidates_k17,rerank_candidates=17,17,,c0,1,0.9578,457.875669203,2168.507099,823.778,7632.939,8294.171,0.9578,0.00773178073899,0.0193450770984,0.0451911764706,957.531272888,0,,,53448704,16.997,22.402,91758.592,2156.326809,9.157544,0,2.060403,0,0,17,,,,,,,1000,01_quantizer_fair,hnswlib::RaBitQSpace K=1,05a-rabitq-k1-native-odirect-v1,ac6281f3c74243614c2779b5025d952cb0d4d247b55bb979846258d6ebf03e19,63ef625c7a9713ee555564f5ba3a211b10897e87616d3f7507d196bc6e386244,68bb085ee6bcc9eae91affcde7a4ef658297a0e6104716ab0e58ee053dd8276d,a0419a01095031fbe4ec00f92f55dfb6a54109fa4ea96d66ca36790e466c2c58,b92fae6ca12d310618d7bb738af1a11fcfe1af1d0a8fa843af640e89d0ab3a51,20260813,,,,True,True,4096,True,/home/msy2025/quantization_graph/results/disk_environment/.formal_runs/runs/formal_diskenv_20260826_043617_05a/05A_disk_quantizer_io/agnews/artifacts/test/Ours_RaBitQ_K1__payload_on_ssd__B2__c0__w1__r0.json
05a,agnews,Ours_RaBitQ_K1,payload_on_ssd,test,formal_diskenv_20260826_043617_05a,0,1,fixed_candidates_k18,rerank_candidates=18,18,,c0,1,0.9576,432.527882031,2300.478872,835.658,7761.986,8459.459,0.9576,0.0076847626991,0.0192342748356,0.0449346405229,957.531272888,0,,,53448704,17.997,23.714,97132.544,2288.572162,9.065909,0,1.812996,0,0,18,,,,,,,1000,01_quantizer_fair,hnswlib::RaBitQSpace K=1,05a-rabitq-k1-native-odirect-v1,ac6281f3c74243614c2779b5025d952cb0d4d247b55bb979846258d6ebf03e19,63ef625c7a9713ee555564f5ba3a211b10897e87616d3f7507d196bc6e386244,68bb085ee6bcc9eae91affcde7a4ef658297a0e6104716ab0e58ee053dd8276d,a0419a01095031fbe4ec00f92f55dfb6a54109fa4ea96d66ca36790e466c2c58,b92fae6ca12d310618d7bb738af1a11fcfe1af1d0a8fa843af640e89d0ab3a51,20260813,,,,True,True,4096,True,/home/msy2025/quantization_graph/results/disk_environment/.formal_runs/runs/formal_diskenv_20260826_043617_05a/05A_disk_quantizer_io/agnews/artifacts/test/Ours_RaBitQ_K1__payload_on_ssd__B2__c0__w1__r0.json
05a,agnews,Ours_RaBitQ_K1,payload_on_ssd,test,formal_diskenv_20260826_043617_05a,0,1,fixed_candidates_k19,rerank_candidates=19,19,,c0,1,0.9576,410.50638869,2420.738544,869.426,7915.254,9868.015,0.9576,0.00762245701301,0.0190857053679,0.0448713450292,957.531272888,0,,,53448704,18.997,25.001,102404.096,2408.251944,9.436194,0,1.998583,0,0,19,,,,,,,1000,01_quantizer_fair,hnswlib::RaBitQSpace K=1,05a-rabitq-k1-native-odirect-v1,ac6281f3c74243614c2779b5025d952cb0d4d247b55bb979846258d6ebf03e19,63ef625c7a9713ee555564f5ba3a211b10897e87616d3f7507d196bc6e386244,68bb085ee6bcc9eae91affcde7a4ef658297a0e6104716ab0e58ee053dd8276d,a0419a01095031fbe4ec00f92f55dfb6a54109fa4ea96d66ca36790e466c2c58,b92fae6ca12d310618d7bb738af1a11fcfe1af1d0a8fa843af640e89d0ab3a51,20260813,,,,True,True,4096,True,/home/msy2025/quantization_graph/results/disk_environment/.formal_runs/runs/formal_diskenv_20260826_043617_05a/05A_disk_quantizer_io/agnews/artifacts/test/Ours_RaBitQ_K1__payload_on_ssd__B2__c0__w1__r0.json
05a,agnews,Ours_RaBitQ_K1,payload_on_ssd,test,formal_diskenv_20260826_043617_05a,0,1,fixed_candidates_k20,rerank_candidates=20,20,,c0,1,0.9576,389.557026521,2555.419522,868.273,8329.399,10639.639,0.9576,0.00756289962909,0.0188739243687,0.0446894736842,957.531272888,0,,,53448704,19.997,26.306,107749.376,2542.749767,9.448365,0,2.096302,0,0,20,,,,,,,1000,01_quantizer_fair,hnswlib::RaBitQSpace K=1,05a-rabitq-k1-native-odirect-v1,ac6281f3c74243614c2779b5025d952cb0d4d247b55bb979846258d6ebf03e19,63ef625c7a9713ee555564f5ba3a211b10897e87616d3f7507d196bc6e386244,68bb085ee6bcc9eae91affcde7a4ef658297a0e6104716ab0e58ee053dd8276d,a0419a01095031fbe4ec00f92f55dfb6a54109fa4ea96d66ca36790e466c2c58,b92fae6ca12d310618d7bb738af1a11fcfe1af1d0a8fa843af640e89d0ab3a51,20260813,,,,True,True,4096,True,/home/msy2025/quantization_graph/results/disk_environment/.formal_runs/runs/formal_diskenv_20260826_043617_05a/05A_disk_quantizer_io/agnews/artifacts/test/Ours_RaBitQ_K1__payload_on_ssd__B2__c0__w1__r0.json
05a,agnews,Ours_RaBitQ_K1,payload_on_ssd,test,formal_diskenv_20260826_043617_05a,0,1,fixed_candidates_k21,rerank_candidates=21,21,,c0,1,0.9576,370.509101328,2683.117664,868.412,8971.762,10167.422,0.9576,0.00750195771129,0.0187538296678,0.0448333333333,957.531272888,0,,,53448704,20.997,27.636,113197.056,2670.464532,9.61067,0,1.971959,0,0,21,,,,,,,1000,01_quantizer_fair,hnswlib::RaBitQSpace K=1,05a-rabitq-k1-native-odirect-v1,ac6281f3c74243614c2779b5025d952cb0d4d247b55bb979846258d6ebf03e19,63ef625c7a9713ee555564f5ba3a211b10897e87616d3f7507d196bc6e386244,68bb085ee6bcc9eae91affcde7a4ef658297a0e6104716ab0e58ee053dd8276d,a0419a01095031fbe4ec00f92f55dfb6a54109fa4ea96d66ca36790e466c2c58,b92fae6ca12d310618d7bb738af1a11fcfe1af1d0a8fa843af640e89d0ab3a51,20260813,,,,True,True,4096,True,/home/msy2025/quantization_graph/results/disk_environment/.formal_runs/runs/formal_diskenv_20260826_043617_05a/05A_disk_quantizer_io/agnews/artifacts/test/Ours_RaBitQ_K1__payload_on_ssd__B2__c0__w1__r0.json
05a,agnews,Ours_RaBitQ_K1,payload_on_ssd,test,formal_diskenv_20260826_043617_05a,0,1,fixed_candidates_k22,rerank_candidates=22,22,,c0,1,0.9576,353.109033621,2819.946388,891.547,9133.937,9928.553,0.9576,0.00744138249812,0.01857673759,0.0446363636364,957.531272888,0,,,53448704,21.997,28.939,118534.144,2806.62187,9.82712,0,2.357118,0,0,22,,,,,,,1000,01_quantizer_fair,hnswlib::RaBitQSpace K=1,05a-rabitq-k1-native-odirect-v1,ac6281f3c74243614c2779b5025d952cb0d4d247b55bb979846258d6ebf03e19,63ef625c7a9713ee555564f5ba3a211b10897e87616d3f7507d196bc6e386244,68bb085ee6bcc9eae91affcde7a4ef658297a0e6104716ab0e58ee053dd8276d,a0419a01095031fbe4ec00f92f55dfb6a54109fa4ea96d66ca36790e466c2c58,b92fae6ca12d310618d7bb738af1a11fcfe1af1d0a8fa843af640e89d0ab3a51,20260813,,,,True,True,4096,True,/home/msy2025/quantization_graph/results/disk_environment/.formal_runs/runs/formal_diskenv_20260826_043617_05a/05A_disk_quantizer_io/agnews/artifacts/test/Ours_RaBitQ_K1__payload_on_ssd__B2__c0__w1__r0.json
05a,agnews,Ours_RaBitQ_K1,payload_on_ssd,test,formal_diskenv_20260826_043617_05a,0,1,fixed_candidates_k23,rerank_candidates=23,23,,c0,1,0.9576,339.443527279,2934.24978,904.073,8602.126,9546.567,0.9576,0.00738009232371,0.0184468079335,0.044256916996,957.531272888,0,,,53448704,22.997,30.27,123985.92,2921.016553,9.613253,0,2.469231,0,0,23,,,,,,,1000,01_quantizer_fair,hnswlib::RaBitQSpace K=1,05a-rabitq-k1-native-odirect-v1,ac6281f3c74243614c2779b5025d952cb0d4d247b55bb979846258d6ebf03e19,63ef625c7a9713ee555564f5ba3a211b10897e87616d3f7507d196bc6e386244,68bb085ee6bcc9eae91affcde7a4ef658297a0e6104716ab0e58ee053dd8276d,a0419a01095031fbe4ec00f92f55dfb6a54109fa4ea96d66ca36790e466c2c58,b92fae6ca12d310618d7bb738af1a11fcfe1af1d0a8fa843af640e89d0ab3a51,20260813,,,,True,True,4096,True,/home/msy2025/quantization_graph/results/disk_environment/.formal_runs/runs/formal_diskenv_20260826_043617_05a/05A_disk_quantizer_io/agnews/artifacts/test/Ours_RaBitQ_K1__payload_on_ssd__B2__c0__w1__r0.json
05a,agnews,Ours_RaBitQ_K1,payload_on_ssd,test,formal_diskenv_20260826_043617_05a,0,1,fixed_candidates_k24,rerank_candidates=24,24,,c0,1,0.9576,323.625176843,3078.154286,927.866,8891.209,9973.468,0.9576,0.00734098911113,0.0183450177609,0.0443297101449,957.531272888,0,,,53448704,23.996,31.598,129425.408,3064.560443,9.789397,0,2.526911,0,0,24,,,,,,,1000,01_quantizer_fair,hnswlib::RaBitQSpace K=1,05a-rabitq-k1-native-odirect-v1,ac6281f3c74243614c2779b5025d952cb0d4d247b55bb979846258d6ebf03e19,63ef625c7a9713ee555564f5ba3a211b10897e87616d3f7507d196bc6e386244,68bb085ee6bcc9eae91affcde7a4ef658297a0e6104716ab0e58ee053dd8276d,a0419a01095031fbe4ec00f92f55dfb6a54109fa4ea96d66ca36790e466c2c58,b92fae6ca12d310618d7bb738af1a11fcfe1af1d0a8fa843af640e89d0ab3a51,20260813,,,,True,True,4096,True,/home/msy2025/quantization_graph/results/disk_environment/.formal_runs/runs/formal_diskenv_20260826_043617_05a/05A_disk_quantizer_io/agnews/artifacts/test/Ours_RaBitQ_K1__payload_on_ssd__B2__c0__w1__r0.json
05a,agnews,Ours_RaBitQ_K1,payload_on_ssd,test,formal_diskenv_20260826_043617_05a,0,1,fixed_candidates_k25,rerank_candidates=25,25,,c0,1,0.9576,312.012462197,3193.148154,973.351,9429.5,11231.648,0.9576,0.0072951571446,0.0181664541417,0.0441833333333,957.531272888,0,,,53448704,24.996,32.91,134799.36,3179.123964,10.081993,0,2.634288,0,0,25,,,,,,,1000,01_quantizer_fair,hnswlib::RaBitQSpace K=1,05a-rabitq-k1-native-odirect-v1,ac6281f3c74243614c2779b5025d952cb0d4d247b55bb979846258d6ebf03e19,63ef625c7a9713ee555564f5ba3a211b10897e87616d3f7507d196bc6e386244,68bb085ee6bcc9eae91affcde7a4ef658297a0e6104716ab0e58ee053dd8276d,a0419a01095031fbe4ec00f92f55dfb6a54109fa4ea96d66ca36790e466c2c58,b92fae6ca12d310618d7bb738af1a11fcfe1af1d0a8fa843af640e89d0ab3a51,20260813,,,,True,True,4096,True,/home/msy2025/quantization_graph/results/disk_environment/.formal_runs/runs/formal_diskenv_20260826_043617_05a/05A_disk_quantizer_io/agnews/artifacts/test/Ours_RaBitQ_K1__payload_on_ssd__B2__c0__w1__r0.json
05a,agnews,Ours_RaBitQ_K1,payload_on_ssd,test,formal_diskenv_20260826_043617_05a,0,1,fixed_candidates_k26,rerank_candidates=26,26,,c0,1,0.9576,299.044907533,3328.676995,998.38,9546.243,11188.148,0.9576,0.00726080582521,0.018053210937,0.0439353846154,957.531272888,0,,,53448704,25.996,34.234,140222.464,3314.453571,10.576646,0,2.361955,0,0,26,,,,,,,1000,01_quantizer_fair,hnswlib::RaBitQSpace K=1,05a-rabitq-k1-native-odirect-v1,ac6281f3c74243614c2779b5025d952cb0d4d247b55bb979846258d6ebf03e19,63ef625c7a9713ee555564f5ba3a211b10897e87616d3f7507d196bc6e386244,68bb085ee6bcc9eae91affcde7a4ef658297a0e6104716ab0e58ee053dd8276d,a0419a01095031fbe4ec00f92f55dfb6a54109fa4ea96d66ca36790e466c2c58,b92fae6ca12d310618d7bb738af1a11fcfe1af1d0a8fa843af640e89d0ab3a51,20260813,,,,True,True,4096,True,/home/msy2025/quantization_graph/results/disk_environment/.formal_runs/runs/formal_diskenv_20260826_043617_05a/05A_disk_quantizer_io/agnews/artifacts/test/Ours_RaBitQ_K1__payload_on_ssd__B2__c0__w1__r0.json
05a,agnews,Ours_RaBitQ_K1,payload_on_ssd,test,formal_diskenv_20260826_043617_05a,0,1,fixed_candidates_k27,rerank_candidates=27,27,,c0,1,0.9576,288.599795357,3452.776897,1033.155,9812.171,11697.919,0.9576,0.00721969317063,0.0179743096248,0.0437606837607,957.531272888,0,,,53448704,26.995,35.566,145678.336,3438.220575,10.557879,0,2.717145,0,0,27,,,,,,,1000,01_quantizer_fair,hnswlib::RaBitQSpace K=1,05a-rabitq-k1-native-odirect-v1,ac6281f3c74243614c2779b5025d952cb0d4d247b55bb979846258d6ebf03e19,63ef625c7a9713ee555564f5ba3a211b10897e87616d3f7507d196bc6e386244,68bb085ee6bcc9eae91affcde7a4ef658297a0e6104716ab0e58ee053dd8276d,a0419a01095031fbe4ec00f92f55dfb6a54109fa4ea96d66ca36790e466c2c58,b92fae6ca12d310618d7bb738af1a11fcfe1af1d0a8fa843af640e89d0ab3a51,20260813,,,,True,True,4096,True,/home/msy2025/quantization_graph/results/disk_environment/.formal_runs/runs/formal_diskenv_20260826_043617_05a/05A_disk_quantizer_io/agnews/artifacts/test/Ours_RaBitQ_K1__payload_on_ssd__B2__c0__w1__r0.json
05a,agnews,Ours_RaBitQ_K1,payload_on_ssd,test,formal_diskenv_20260826_043617_05a,0,1,fixed_candidates_k28,rerank_candidates=28,28,,c0,1,0.9576,277.933956743,3581.141648,1020.777,9385.911,12384.635,0.9576,0.00718850496456,0.017920858403,0.0435767195767,957.531272888,0,,,53448704,27.995,36.889,151097.344,3566.92138,10.17739,0,2.741727,0,0,28,,,,,,,1000,01_quantizer_fair,hnswlib::RaBitQSpace K=1,05a-rabitq-k1-native-odirect-v1,ac6281f3c74243614c2779b5025d952cb0d4d247b55bb979846258d6ebf03e19,63ef625c7a9713ee555564f5ba3a211b10897e87616d3f7507d196bc6e386244,68bb085ee6bcc9eae91affcde7a4ef658297a0e6104716ab0e58ee053dd8276d,a0419a01095031fbe4ec00f92f55dfb6a54109fa4ea96d66ca36790e466c2c58,b92fae6ca12d310618d7bb738af1a11fcfe1af1d0a8fa843af640e89d0ab3a51,20260813,,,,True,True,4096,True,/home/msy2025/quantization_graph/results/disk_environment/.formal_runs/runs/formal_diskenv_20260826_043617_05a/05A_disk_quantizer_io/agnews/artifacts/test/Ours_RaBitQ_K1__payload_on_ssd__B2__c0__w1__r0.json
05a,agnews,Ours_RaBitQ_K1,payload_on_ssd,test,formal_diskenv_20260826_043617_05a,0,1,fixed_candidates_k29,rerank_candidates=29,29,,c0,1,0.9576,268.817388499,3708.214488,1059.581,10962.678,12277.106,0.9576,0.00715437622102,0.0178347652754,0.0435886699507,957.531272888,0,,,53448704,28.993,38.204,156483.584,3693.853193,10.272431,0,2.729148,0,0,29,,,,,,,1000,01_quantizer_fair,hnswlib::RaBitQSpace K=1,05a-rabitq-k1-native-odirect-v1,ac6281f3c74243614c2779b5025d952cb0d4d247b55bb979846258d6ebf03e19,63ef625c7a9713ee555564f5ba3a211b10897e87616d3f7507d196bc6e386244,68bb085ee6bcc9eae91affcde7a4ef658297a0e6104716ab0e58ee053dd8276d,a0419a01095031fbe4ec00f92f55dfb6a54109fa4ea96d66ca36790e466c2c58,b92fae6ca12d310618d7bb738af1a11fcfe1af1d0a8fa843af640e89d0ab3a51,20260813,,,,True,True,4096,True,/home/msy2025/quantization_graph/results/disk_environment/.formal_runs/runs/formal_diskenv_20260826_043617_05a/05A_disk_quantizer_io/agnews/artifacts/test/Ours_RaBitQ_K1__payload_on_ssd__B2__c0__w1__r0.json
05a,agnews,Ours_RaBitQ_K1,payload_on_ssd,test,formal_diskenv_20260826_043617_05a,0,1,fixed_candidates_k30,rerank_candidates=30,30,,c0,1,0.9576,260.079301617,3832.902092,1105.508,9509.42,11980.786,0.9576,0.00712566945661,0.0177417762952,0.043816091954,957.531272888,0,,,53448704,29.993,39.517,161861.632,3818.210703,10.41025,0,2.910545,0,0,30,,,,,,,1000,01_quantizer_fair,hnswlib::RaBitQSpace K=1,05a-rabitq-k1-native-odirect-v1,ac6281f3c74243614c2779b5025d952cb0d4d247b55bb979846258d6ebf03e19,63ef625c7a9713ee555564f5ba3a211b10897e87616d3f7507d196bc6e386244,68bb085ee6bcc9eae91affcde7a4ef658297a0e6104716ab0e58ee053dd8276d,a0419a01095031fbe4ec00f92f55dfb6a54109fa4ea96d66ca36790e466c2c58,b92fae6ca12d310618d7bb738af1a11fcfe1af1d0a8fa843af640e89d0ab3a51,20260813,,,,True,True,4096,True,/home/msy2025/quantization_graph/results/disk_environment/.formal_runs/runs/formal_diskenv_20260826_043617_05a/05A_disk_quantizer_io/agnews/artifacts/test/Ours_RaBitQ_K1__payload_on_ssd__B2__c0__w1__r0.json
05a,agnews,Ours_RaBitQ_K1,payload_on_ssd,test,formal_diskenv_20260826_043617_05a,0,1,fixed_candidates_k40,rerank_candidates=40,40,,c0,1,0.9576,194.932565807,5114.171199,7343.767,10185.743,10983.822,0.9576,0.0069139921464,0.0171501480464,0.04415,957.531272888,0,,,53448704,39.992,52.684,215793.664,5096.524803,11.928593,0,3.968708,0,0,40,,,,,,,1000,01_quantizer_fair,hnswlib::RaBitQSpace K=1,05a-rabitq-k1-native-odirect-v1,ac6281f3c74243614c2779b5025d952cb0d4d247b55bb979846258d6ebf03e19,63ef625c7a9713ee555564f5ba3a211b10897e87616d3f7507d196bc6e386244,68bb085ee6bcc9eae91affcde7a4ef658297a0e6104716ab0e58ee053dd8276d,a0419a01095031fbe4ec00f92f55dfb6a54109fa4ea96d66ca36790e466c2c58,b92fae6ca12d310618d7bb738af1a11fcfe1af1d0a8fa843af640e89d0ab3a51,20260813,,,,True,True,4096,True,/home/msy2025/quantization_graph/results/disk_environment/.formal_runs/runs/formal_diskenv_20260826_043617_05a/05A_disk_quantizer_io/agnews/artifacts/test/Ours_RaBitQ_K1__payload_on_ssd__B2__c0__w1__r0.json
05a,agnews,Ours_RaBitQ_K1,payload_on_ssd,test,formal_diskenv_20260826_043617_05a,0,1,fixed_candidates_k50,rerank_candidates=50,50,,c0,1,0.9576,155.958173551,6399.881568,8790.971,11108.558,12806.542,0.9576,0.00674469427575,0.0167339609206,0.0446302040816,957.531272888,0,,,53448704,49.986,65.793,269488.128,6379.920967,13.130946,0,4.642364,0,0,50,,,,,,,1000,01_quantizer_fair,hnswlib::RaBitQSpace K=1,05a-rabitq-k1-native-odirect-v1,ac6281f3c74243614c2779b5025d952cb0d4d247b55bb979846258d6ebf03e19,63ef625c7a9713ee555564f5ba3a211b10897e87616d3f7507d196bc6e386244,68bb085ee6bcc9eae91affcde7a4ef658297a0e6104716ab0e58ee053dd8276d,a0419a01095031fbe4ec00f92f55dfb6a54109fa4ea96d66ca36790e466c2c58,b92fae6ca12d310618d7bb738af1a11fcfe1af1d0a8fa843af640e89d0ab3a51,20260813,,,,True,True,4096,True,/home/msy2025/quantization_graph/results/disk_environment/.formal_runs/runs/formal_diskenv_20260826_043617_05a/05A_disk_quantizer_io/agnews/artifacts/test/Ours_RaBitQ_K1__payload_on_ssd__B2__c0__w1__r0.json
05a,agnews,Ours_RaBitQ_K1,payload_on_ssd,test,formal_diskenv_20260826_043617_05a,0,1,fixed_candidates_k60,rerank_candidates=60,60,,c0,1,0.9576,130.056357213,7677.019921,9569.253,11404.799,12564.067,0.9576,0.00662134616373,0.0164650294934,0.0444762711864,957.531272888,0,,,53448704,59.981,79.097,323981.312,7654.726929,14.162489,0,5.633608,0,0,60,,,,,,,1000,01_quantizer_fair,hnswlib::RaBitQSpace K=1,05a-rabitq-k1-native-odirect-v1,ac6281f3c74243614c2779b5025d952cb0d4d247b55bb979846258d6ebf03e19,63ef625c7a9713ee555564f5ba3a211b10897e87616d3f7507d196bc6e386244,68bb085ee6bcc9eae91affcde7a4ef658297a0e6104716ab0e58ee053dd8276d,a0419a01095031fbe4ec00f92f55dfb6a54109fa4ea96d66ca36790e466c2c58,b92fae6ca12d310618d7bb738af1a11fcfe1af1d0a8fa843af640e89d0ab3a51,20260813,,,,True,True,4096,True,/home/msy2025/quantization_graph/results/disk_environment/.formal_runs/runs/formal_diskenv_20260826_043617_05a/05A_disk_quantizer_io/agnews/artifacts/test/Ours_RaBitQ_K1__payload_on_ssd__B2__c0__w1__r0.json
05a,agnews,Ours_RaBitQ_K1,payload_on_ssd,test,formal_diskenv_20260826_043617_05a,0,1,fixed_candidates_k70,rerank_candidates=70,70,,c0,1,0.9576,111.358868161,8963.789436,9903.481,12602.534,19472.398,0.9576,0.00651528277085,0.0162437689463,0.0444952380952,957.531272888,0,,,53448704,69.975,92.314,378118.144,8939.116102,15.211262,0,6.753941,0,0,70,,,,,,,1000,01_quantizer_fair,hnswlib::RaBitQSpace K=1,05a-rabitq-k1-native-odirect-v1,ac6281f3c74243614c2779b5025d952cb0d4d247b55bb979846258d6ebf03e19,63ef625c7a9713ee555564f5ba3a211b10897e87616d3f7507d196bc6e386244,68bb085ee6bcc9eae91affcde7a4ef658297a0e6104716ab0e58ee053dd8276d,a0419a01095031fbe4ec00f92f55dfb6a54109fa4ea96d66ca36790e466c2c58,b92fae6ca12d310618d7bb738af1a11fcfe1af1d0a8fa843af640e89d0ab3a51,20260813,,,,True,True,4096,True,/home/msy2025/quantization_graph/results/disk_environment/.formal_runs/runs/formal_diskenv_20260826_043617_05a/05A_disk_quantizer_io/agnews/artifacts/test/Ours_RaBitQ_K1__payload_on_ssd__B2__c0__w1__r0.json
05a,agnews,Ours_RaBitQ_K1,payload_on_ssd,test,formal_diskenv_20260826_043617_05a,0,1,fixed_candidates_k80,rerank_candidates=80,80,,c0,1,0.9576,97.5612480864,10238.338582,10001.811,19026.914,20022.238,0.9576,0.00642759179464,0.0160617211361,0.044685443038,957.531272888,0,,,53448704,79.967,105.537,432279.552,10210.022008,16.410082,0,8.94479,0,0,80,,,,,,,1000,01_quantizer_fair,hnswlib::RaBitQSpace K=1,05a-rabitq-k1-native-odirect-v1,ac6281f3c74243614c2779b5025d952cb0d4d247b55bb979846258d6ebf03e19,63ef625c7a9713ee555564f5ba3a211b10897e87616d3f7507d196bc6e386244,68bb085ee6bcc9eae91affcde7a4ef658297a0e6104716ab0e58ee053dd8276d,a0419a01095031fbe4ec00f92f55dfb6a54109fa4ea96d66ca36790e466c2c58,b92fae6ca12d310618d7bb738af1a11fcfe1af1d0a8fa843af640e89d0ab3a51,20260813,,,,True,True,4096,True,/home/msy2025/quantization_graph/results/disk_environment/.formal_runs/runs/formal_diskenv_20260826_043617_05a/05A_disk_quantizer_io/agnews/artifacts/test/Ours_RaBitQ_K1__payload_on_ssd__B2__c0__w1__r0.json
05a,agnews,Ours_RaBitQ_K1,payload_on_ssd,test,formal_diskenv_20260826_043617_05a,0,1,fixed_candidates_k90,rerank_candidates=90,90,,c0,1,0.9576,86.7004110996,11521.752421,10083.187,19977.895,20207.986,0.9576,0.00635462245839,0.0158630453442,0.0449058676654,957.531272888,0,,,53448704,89.949,118.656,486014.976,11491.481151,17.484035,0,9.475132,0,0,90,,,,,,,1000,01_quantizer_fair,hnswlib::RaBitQSpace K=1,05a-rabitq-k1-native-odirect-v1,ac6281f3c74243614c2779b5025d952cb0d4d247b55bb979846258d6ebf03e19,63ef625c7a9713ee555564f5ba3a211b10897e87616d3f7507d196bc6e386244,68bb085ee6bcc9eae91affcde7a4ef658297a0e6104716ab0e58ee053dd8276d,a0419a01095031fbe4ec00f92f55dfb6a54109fa4ea96d66ca36790e466c2c58,b92fae6ca12d310618d7bb738af1a11fcfe1af1d0a8fa843af640e89d0ab3a51,20260813,,,,True,True,4096,True,/home/msy2025/quantization_graph/results/disk_environment/.formal_runs/runs/formal_diskenv_20260826_043617_05a/05A_disk_quantizer_io/agnews/artifacts/test/Ours_RaBitQ_K1__payload_on_ssd__B2__c0__w1__r0.json
05a,agnews,Ours_RaBitQ_K1,payload_on_ssd,test,formal_diskenv_20260826_043617_05a,0,1,fixed_candidates_k100,rerank_candidates=100,100,,c0,1,0.9576,78.0155338263,12806.570298,10139.258,20155.581,20370.317,0.9576,0.00629309848116,0.0157179712339,0.0449868686869,957.531272888,0,,,53448704,99.941,131.896,540246.016,12774.849575,18.455708,0,9.582628,0,0,100,,,,,,,1000,01_quantizer_fair,hnswlib::RaBitQSpace K=1,05a-rabitq-k1-native-odirect-v1,ac6281f3c74243614c2779b5025d952cb0d4d247b55bb979846258d6ebf03e19,63ef625c7a9713ee555564f5ba3a211b10897e87616d3f7507d196bc6e386244,68bb085ee6bcc9eae91affcde7a4ef658297a0e6104716ab0e58ee053dd8276d,a0419a01095031fbe4ec00f92f55dfb6a54109fa4ea96d66ca36790e466c2c58,b92fae6ca12d310618d7bb738af1a11fcfe1af1d0a8fa843af640e89d0ab3a51,20260813,,,,True,True,4096,True,/home/msy2025/quantization_graph/results/disk_environment/.formal_runs/runs/formal_diskenv_20260826_043617_05a/05A_disk_quantizer_io/agnews/artifacts/test/Ours_RaBitQ_K1__payload_on_ssd__B2__c0__w1__r0.json
05a,agnews,Ours_RaBitQ_K1,payload_on_ssd,test,formal_diskenv_20260826_043617_05a,0,1,fixed_candidates_k140,rerank_candidates=140,140,,c0,1,0.9576,55.7415668146,17928.238134,19876.832,20531.859,21127.396,0.9576,0.00613088113122,0.0152611798154,0.0449892929293,957.531272888,0,,,53448704,139.887,184.769,756813.824,17887.412726,21.458227,0,13.975973,0,0,140,,,,,,,1000,01_quantizer_fair,hnswlib::RaBitQSpace K=1,05a-rabitq-k1-native-odirect-v1,ac6281f3c74243614c2779b5025d952cb0d4d247b55bb979846258d6ebf03e19,63ef625c7a9713ee555564f5ba3a211b10897e87616d3f7507d196bc6e386244,68bb085ee6bcc9eae91affcde7a4ef658297a0e6104716ab0e58ee053dd8276d,a0419a01095031fbe4ec00f92f55dfb6a54109fa4ea96d66ca36790e466c2c58,b92fae6ca12d310618d7bb738af1a11fcfe1af1d0a8fa843af640e89d0ab3a51,20260813,,,,True,True,4096,True,/home/msy2025/quantization_graph/results/disk_environment/.formal_runs/runs/formal_diskenv_20260826_043617_05a/05A_disk_quantizer_io/agnews/artifacts/test/Ours_RaBitQ_K1__payload_on_ssd__B2__c0__w1__r0.json
05a,agnews,Ours_RaBitQ_K1,payload_on_ssd,test,formal_diskenv_20260826_043617_05a,0,1,fixed_candidates_k180,rerank_candidates=180,180,,c0,1,0.9576,43.3614838068,23049.918904,21162.329,28932.44,29120.561,0.9576,0.00601405065092,0.0149786612303,0.0449892929293,957.531272888,0,,,53448704,179.817,237.61,973250.56,22998.219973,26.07498,0,18.176441,0,0,180,,,,,,,1000,01_quantizer_fair,hnswlib::RaBitQSpace K=1,05a-rabitq-k1-native-odirect-v1,ac6281f3c74243614c2779b5025d952cb0d4d247b55bb979846258d6ebf03e19,63ef625c7a9713ee555564f5ba3a211b10897e87616d3f7507d196bc6e386244,68bb085ee6bcc9eae91affcde7a4ef658297a0e6104716ab0e58ee053dd8276d,a0419a01095031fbe4ec00f92f55dfb6a54109fa4ea96d66ca36790e466c2c58,b92fae6ca12d310618d7bb738af1a11fcfe1af1d0a8fa843af640e89d0ab3a51,20260813,,,,True,True,4096,True,/home/msy2025/quantization_graph/results/disk_environment/.formal_runs/runs/formal_diskenv_20260826_043617_05a/05A_disk_quantizer_io/agnews/artifacts/test/Ours_RaBitQ_K1__payload_on_ssd__B2__c0__w1__r0.json
05a,agnews,Ours_RaBitQ_K1,payload_on_ssd,test,formal_diskenv_20260826_043617_05a,0,1,fixed_candidates_k220,rerank_candidates=220,220,,c0,1,0.9576,35.500126849,28156.584516,29844.722,32268.883,33230.907,0.9576,0.00592102351507,0.0147516831253,0.0449892929293,957.531272888,0,,,53448704,219.728,290.374,1189371.904,28093.443594,30.097586,0,22.997354,0,0,220,,,,,,,1000,01_quantizer_fair,hnswlib::RaBitQSpace K=1,05a-rabitq-k1-native-odirect-v1,ac6281f3c74243614c2779b5025d952cb0d4d247b55bb979846258d6ebf03e19,63ef625c7a9713ee555564f5ba3a211b10897e87616d3f7507d196bc6e386244,68bb085ee6bcc9eae91affcde7a4ef658297a0e6104716ab0e58ee053dd8276d,a0419a01095031fbe4ec00f92f55dfb6a54109fa4ea96d66ca36790e466c2c58,b92fae6ca12d310618d7bb738af1a11fcfe1af1d0a8fa843af640e89d0ab3a51,20260813,,,,True,True,4096,True,/home/msy2025/quantization_graph/results/disk_environment/.formal_runs/runs/formal_diskenv_20260826_043617_05a/05A_disk_quantizer_io/agnews/artifacts/test/Ours_RaBitQ_K1__payload_on_ssd__B2__c0__w1__r0.json
05a,agnews,Ours_RaBitQ_K1,payload_on_ssd,test,formal_diskenv_20260826_043617_05a,0,1,fixed_candidates_k260,rerank_candidates=260,260,,c0,1,0.9576,30.0192870773,33299.839289,30200.318,40309.561,40838.077,0.9576,0.0058459490496,0.0145511016913,0.0449892929293,957.531272888,0,,,53448704,259.605,342.938,1404674.048,33223.832936,34.27967,0,28.693463,0,0,260,,,,,,,1000,01_quantizer_fair,hnswlib::RaBitQSpace K=1,05a-rabitq-k1-native-odirect-v1,ac6281f3c74243614c2779b5025d952cb0d4d247b55bb979846258d6ebf03e19,63ef625c7a9713ee555564f5ba3a211b10897e87616d3f7507d196bc6e386244,68bb085ee6bcc9eae91affcde7a4ef658297a0e6104716ab0e58ee053dd8276d,a0419a01095031fbe4ec00f92f55dfb6a54109fa4ea96d66ca36790e466c2c58,b92fae6ca12d310618d7bb738af1a11fcfe1af1d0a8fa843af640e89d0ab3a51,20260813,,,,True,True,4096,True,/home/msy2025/quantization_graph/results/disk_environment/.formal_runs/runs/formal_diskenv_20260826_043617_05a/05A_disk_quantizer_io/agnews/artifacts/test/Ours_RaBitQ_K1__payload_on_ssd__B2__c0__w1__r0.json
05a,agnews,Ours_RaBitQ_K1,payload_on_ssd,test,formal_diskenv_20260826_043617_05a,0,1,fixed_candidates_k300,rerank_candidates=300,300,,c0,1,0.9576,26.0430990263,38385.766151,39545.813,40479.141,41110.459,0.9576,0.00578190228323,0.014394198236,0.0449892929293,957.531272888,0,,,53448704,299.455,395.578,1620287.488,38299.79602,38.4365,0,32.255972,0,0,300,,,,,,,1000,01_quantizer_fair,hnswlib::RaBitQSpace K=1,05a-rabitq-k1-native-odirect-v1,ac6281f3c74243614c2779b5025d952cb0d4d247b55bb979846258d6ebf03e19,63ef625c7a9713ee555564f5ba3a211b10897e87616d3f7507d196bc6e386244,68bb085ee6bcc9eae91affcde7a4ef658297a0e6104716ab0e58ee053dd8276d,a0419a01095031fbe4ec00f92f55dfb6a54109fa4ea96d66ca36790e466c2c58,b92fae6ca12d310618d7bb738af1a11fcfe1af1d0a8fa843af640e89d0ab3a51,20260813,,,,True,True,4096,True,/home/msy2025/quantization_graph/results/disk_environment/.formal_runs/runs/formal_diskenv_20260826_043617_05a/05A_disk_quantizer_io/agnews/artifacts/test/Ours_RaBitQ_K1__payload_on_ssd__B2__c0__w1__r0.json
05a,agnews,Ours_RaBitQ_K1,payload_on_ssd,test,formal_diskenv_20260826_043617_05a,0,1,fixed_candidates_k340,rerank_candidates=340,340,,c0,1,0.9576,22.9853984372,43492.48162,40998.748,49935.812,50178.348,0.9576,0.00573373351995,0.0142678924669,0.0449892929293,957.531272888,0,,,53448704,339.278,448.153,1835634.688,43393.509551,43.202701,0,37.633478,0,0,340,,,,,,,1000,01_quantizer_fair,hnswlib::RaBitQSpace K=1,05a-rabitq-k1-native-odirect-v1,ac6281f3c74243614c2779b5025d952cb0d4d247b55bb979846258d6ebf03e19,63ef625c7a9713ee555564f5ba3a211b10897e87616d3f7507d196bc6e386244,68bb085ee6bcc9eae91affcde7a4ef658297a0e6104716ab0e58ee053dd8276d,a0419a01095031fbe4ec00f92f55dfb6a54109fa4ea96d66ca36790e466c2c58,b92fae6ca12d310618d7bb738af1a11fcfe1af1d0a8fa843af640e89d0ab3a51,20260813,,,,True,True,4096,True,/home/msy2025/quantization_graph/results/disk_environment/.formal_runs/runs/formal_diskenv_20260826_043617_05a/05A_disk_quantizer_io/agnews/artifacts/test/Ours_RaBitQ_K1__payload_on_ssd__B2__c0__w1__r0.json
05a,agnews,Ours_RaBitQ_K1,payload_on_ssd,test,formal_diskenv_20260826_043617_05a,0,1,fixed_candidates_k380,rerank_candidates=380,380,,c0,1,0.9576,20.5689966472,48604.824769,49931.567,50378.851,50630.44,0.9576,0.00569283966149,0.0141645070294,0.0449892929293,957.531272888,0,,,53448704,379.082,500.856,2051506.176,48491.441266,47.42449,0,45.126426,0,0,380,,,,,,,1000,01_quantizer_fair,hnswlib::RaBitQSpace K=1,05a-rabitq-k1-native-odirect-v1,ac6281f3c74243614c2779b5025d952cb0d4d247b55bb979846258d6ebf03e19,63ef625c7a9713ee555564f5ba3a211b10897e87616d3f7507d196bc6e386244,68bb085ee6bcc9eae91affcde7a4ef658297a0e6104716ab0e58ee053dd8276d,a0419a01095031fbe4ec00f92f55dfb6a54109fa4ea96d66ca36790e466c2c58,b92fae6ca12d310618d7bb738af1a11fcfe1af1d0a8fa843af640e89d0ab3a51,20260813,,,,True,True,4096,True,/home/msy2025/quantization_graph/results/disk_environment/.formal_runs/runs/formal_diskenv_20260826_043617_05a/05A_disk_quantizer_io/agnews/artifacts/test/Ours_RaBitQ_K1__payload_on_ssd__B2__c0__w1__r0.json
05a,agnews,Ours_RaBitQ_K1,payload_on_ssd,test,formal_diskenv_20260826_043617_05a,0,1,fixed_candidates_k420,rerank_candidates=420,420,,c0,1,0.9576,18.5898350995,53780.713231,51650.81,59674.471,60152.559,0.9576,0.00565332123499,0.0140693130907,0.0449892929293,957.531272888,0,,,53448704,418.878,553.419,2266804.224,53656.911015,51.820633,0,48.736195,0,0,420,,,,,,,1000,01_quantizer_fair,hnswlib::RaBitQSpace K=1,05a-rabitq-k1-native-odirect-v1,ac6281f3c74243614c2779b5025d952cb0d4d247b55bb979846258d6ebf03e19,63ef625c7a9713ee555564f5ba3a211b10897e87616d3f7507d196bc6e386244,68bb085ee6bcc9eae91affcde7a4ef658297a0e6104716ab0e58ee053dd8276d,a0419a01095031fbe4ec00f92f55dfb6a54109fa4ea96d66ca36790e466c2c58,b92fae6ca12d310618d7bb738af1a11fcfe1af1d0a8fa843af640e89d0ab3a51,20260813,,,,True,True,4096,True,/home/msy2025/quantization_graph/results/disk_environment/.formal_runs/runs/formal_diskenv_20260826_043617_05a/05A_disk_quantizer_io/agnews/artifacts/test/Ours_RaBitQ_K1__payload_on_ssd__B2__c0__w1__r0.json
05a,agnews,Ours_RaBitQ_K1,payload_on_ssd,test,formal_diskenv_20260826_043617_05a,0,1,fixed_candidates_k460,rerank_candidates=460,460,,c0,1,0.9576,16.9993359186,58814.234436,59824.207,60566.362,63554.491,0.9576,0.00562006815923,0.0139820163994,0.0449892929293,957.531272888,0,,,53448704,458.635,606.055,2482401.28,58679.128825,56.130735,0,53.49483,0,0,460,,,,,,,1000,01_quantizer_fair,hnswlib::RaBitQSpace K=1,05a-rabitq-k1-native-odirect-v1,ac6281f3c74243614c2779b5025d952cb0d4d247b55bb979846258d6ebf03e19,63ef625c7a9713ee555564f5ba3a211b10897e87616d3f7507d196bc6e386244,68bb085ee6bcc9eae91affcde7a4ef658297a0e6104716ab0e58ee053dd8276d,a0419a01095031fbe4ec00f92f55dfb6a54109fa4ea96d66ca36790e466c2c58,b92fae6ca12d310618d7bb738af1a11fcfe1af1d0a8fa843af640e89d0ab3a51,20260813,,,,True,True,4096,True,/home/msy2025/quantization_graph/results/disk_environment/.formal_runs/runs/formal_diskenv_20260826_043617_05a/05A_disk_quantizer_io/agnews/artifacts/test/Ours_RaBitQ_K1__payload_on_ssd__B2__c0__w1__r0.json
